0.0196094513
0.0191218853
0.0186340809
0.0182201862
0.0179423094
0.017824173
0.0178365707
0.0179029703
0.017919898
0.0177887678
0.0174441338
0.01687181
0.0161108971
0.0152415037
0.0143632889
0.0135736465
0.0129516125
0.0125516653
0.0124057531
0.0125297308
0.0129289627
0.0135996342
0.014523387
0.0156611204
0.0169471502
0.0182931423
0.0196005106
0.0207818747
0.0217854977
0.0226125717
0.023322463
0.0240204334
0.0248299837
0.0258586407
0.0271676779
0.0287556648
0.0305631161
0.0324940681
0.0344496965
0.0363585949
0.0381941795
0.0399713516
0.0417251587
0.0434788465
0.0452162027
0.0468688011
0.0483256578
0.04946208
0.0501791239
0.050437808
0.05027771
0.0498121977
0.0492035151
0.0486274958
0.0482419729
0.0481673479
0.0484862328
0.0492551327
0.0505203009
0.0523263216
0.0547096729
0.0576800108
0.061195612
0.0651468039
0.0693548918
0.0735936165
0.0776250362
0.0812395811
0.0842865705
0.0866837502
0.0884054899
0.0894542933
0.0898293257
0.0895041227
0.0884208679
0.086502552
0.0836753845
0.0798918009
0.0751444101
0.0694658756
0.0629185438
0.055578351
0.0475226641
0.0388264656
0.0295678377
0.01983881
0.00975489616
-0.000542521477
-0.0108946562
-0.0211414099
-0.0311419964
-0.0407934189
-0.050039649
-0.0588712692
-0.0673141479
-0.0754119158
-0.0832087994
-0.09073627
-0.0980095863
-0.10503304
-0.111810923
-0.118359804
-0.124713063
-0.13091445
-0.13700068
-0.142977238
-0.14879787
-0.154358149
-0.159510374
-0.164099216
-0.168008208
-0.171202779
-0.173752069
-0.175820112
-0.177627444
-0.179394841
-0.181291819
-0.183407664
-0.185757756
-0.18832159
-0.191096306
-0.194141984
-0.197596788
-0.20165503
-0.206511855
-0.212296963
-0.21902132
-0.226557732
-0.234661341
-0.243021131
-0.251320481
-0.259285688
-0.266704082
-0.273412347
-0.279264212
-0.284099698
-0.287732482
-0.289965034
-0.290626287
-0.289617777
-0.286944985
-0.282723665
-0.277151942
-0.27046144
-0.262861848
-0.254501581
-0.245455265
-0.235742688
-0.225368023
-0.214363337
-0.202818871
-0.190889239
-0.178775907
-0.166692972
-0.154833674
-0.143348932
-0.132346392
-0.121906996
-0.112108231
-0.103042006
-0.0948143005
-0.0875257254
-0.0812389851
-0.0759466887
-0.0715559721
-0.0678994656
-0.0647730827
-0.0619902611
-0.0594347715
-0.0570924282
-0.0550509691
-0.0534652472
-0.0525021553
-0.0522814989
-0.0528358221
-0.0541012287
-0.0559395552
-0.05818367
-0.0606842041
-0.0633411407
-0.0661085844
-0.0689723492
-0.071911931
-0.0748646259
-0.0777080059
-0.0802696943
-0.0823613405
-0.0838249922
-0.0845752954
-0.0846223831
-0.0840685368
-0.0830830336
-0.0818673372
-0.0806241035
-0.0795419216
-0.0787980556
-0.0785716772
-0.0790557861
-0.0804539919
-0.0829565525
-0.0866985321
-0.0917129517
-0.0978972912
-0.105006695
-0.112682819
-0.120508432
-0.12807548
-0.135042906
-0.141168594
-0.146307349
-0.150379777
-0.153329015
-0.155081868
-0.155532122
-0.154548168
-0.152002573
-0.147805691
-0.141931295
-0.134420872
-0.125368476
-0.11489284
-0.103110671
-0.0901238918
-0.0760259628
-0.0609228611
-0.0449601412
-0.0283398628
-0.011320591
0.00580430031
0.0227427483
0.0392427444
0.0551218987
0.0702782869
0.0846822262
0.098352313
0.111327529
0.123643517
0.135320783
0.146364927
0.156776905
0.166563988
0.175745964
0.184351921
0.19240737
0.199916124
0.206843853
0.213110924
0.218600035
0.223177433
0.226725221
0.229174018
0.230528235
0.230874419
0.230370998
0.229222775
0.227648854
0.225854993
0.224019289
0.222292781
0.220813394
0.219720364
0.219161987
0.219287395
0.220223904
0.222045302
0.22474575
0.228227496
0.232311249
0.236763358
0.241333961
0.245788932
0.249928355
0.253585935
0.25661397
0.258865356
0.260183692
0.260408759
0.259397745
0.257052779
0.253344417
0.248319149
0.242087603
0.234795928
0.226592898
0.217604041
0.207923055
0.197621822
0.186774492
0.175482154
0.16388762
0.152171612
0.140532494
0.129154086
0.118177295
0.107683301
0.0976973772
0.0882077217
0.079194665
0.0706561804
0.0626205206
0.0551431179
0.0482877493
0.0421038866
0.0366070271
0.0317723751
0.0275424719
0.0238451958
0.0206143856
0.0178045034
0.0153942108
0.0133780241
0.0117508173
0.0104937553
0.00956630707
0.00890767574
0.00844740868
0.00811839104
0.00786709785
0.00765657425
0.00746250153
0.00726377964
0.00703465939
0.00674128532
0.00634670258
0.00582110882
0.00515365601
0.0043605566
0.00348520279
0.00258910656
0.00173580647
0.000973939896
0.000324249268
-0.000223755836
-0.000705003738
-0.00116288662
-0.00163054466
-0.00211548805
-0.00259315968
-0.003013134
-0.00331521034
-0.0034507513
-0.00340127945
-0.00318682194
-0.00286126137
-0.00249457359
-0.00214970112
-0.00186145306
-0.0016272068
-0.00141143799
-0.0011639595
-0.000843763351
-0.00043797493
3.05175781e-05
0.000511527061
0.000946760178
0.00129354
0.00154101849
0.001714468
0.00186419487
0.00204622746
0.00230121613
0.0026409626
0.00304687023
0.00347971916
0.00389492512
0.00425803661
0.00455272198
0.00478041172
0.00495266914
0.00507938862
0.00515902042
0.00517392159
0.00509095192
0.00487065315
0.00447964668
0.00390601158
0.00317275524
0.00234353542
0.00151872635
0.000816822052
0.000345945358
0.000170111656
0.000283360481
0.000602960587
0.000986456871
0.00127339363
0.00133669376
0.0011279583
0.00069630146
0.000173330307
-0.000273823738
-0.000503659248
-0.000451922417
-0.000154018402
0.000272393227
0.000676512718
0.000934958458
0.000998973846
0.000909328461
0.000773191452
0.000716567039
0.000831484795
0.00114166737
0.00159990788
0.00211453438
0.00259137154
0.00297021866
0.00324141979
0.00343644619
0.00360047817
0.00376343727
0.00392246246
0.0040448904
0.00408673286
0.00401651859
0.00383043289
0.00355184078
0.00321531296
0.00284600258
0.0024446249
0.00198769569
0.00144290924
0.000791311264
4.57763672e-05
-0.000745654106
-0.00151312351
-0.00218915939
-0.00273418427
-0.00314927101
-0.00347268581
-0.00376021862
-0.00405991077
-0.00439059734
-0.00473546982
-0.00505113602
-0.00528800488
-0.00541269779
-0.00542235374
-0.00534451008
-0.00522422791
-0.00510406494
-0.00500464439
-0.00491547585
-0.00479733944
-0.00459671021
-0.00426483154
-0.00377416611
-0.00312721729
-0.00235438347
-0.00150239468
-0.000618457794
0.000263690948
0.00113046169
0.00198721886
0.00284874439
0.00372743607
0.00462317467
0.0055205822
0.00639379025
0.0072157383
0.00796961784
0.00865423679
0.00928282738
0.00987374783
0.0104382038
0.0109703541
0.0114448071
0.0118240118
0.0120718479
0.0121685266
0.0121204853
0.0119588375
0.0117291212
0.0114742517
0.0112196207
0.0109655857
0.0106911659
0.0103664398
0.00996851921
0.00949394703
0.00896191597
0.00840747356
0.00786840916
0.00737202168
0.00692522526
0.00651550293
0.00611770153
0.00570571423
0.00526320934
0.00478935242
0.00429868698
0.00381481647
0.00336384773
0.0029668808
0.00263607502
0.00237464905
0.00217795372
0.0020377636
0.00194525719
0.00189447403
0.00188493729
0.00192129612
0.0020121336
0.00216555595
0.00238382816
0.00265908241
0.00297129154
0.00329232216
0.00359368324
0.00385773182
0.00408542156
0.00429952145
0.00453817844
0.00484192371
0.00523817539
0.0057284832
0.00628554821
0.00685989857
0.00739490986
0.00784552097
0.00819063187
0.00843858719
0.00862014294
0.00877654552
0.00894403458
0.00914418697
0.00938034058
0.0096424818
0.00991427898
0.0101809502
0.010433197
0.0106666088
0.0108796358
0.0110713243
0.0112409592
0.0113908052
0.0115276575
0.0116633177
0.0118100643
0.0119737387
0.012147069
0.0123068094
0.0124180317
0.0124450922
0.0123666525
0.0121872425
0.0119427443
0.0116952658
0.0115181208
0.0114768744
0.0116120577
0.0119284391
0.0123957396
0.0129579306
0.0135489702
0.0141092539
0.0145978928
0.0149985552
0.0153183937
0.0155825615
0.01582551
0.0160822868
0.0163818598
0.0167418718
0.0171670914
0.0176489353
0.0181683302
0.0186984539
0.0192097425
0.0196733475
0.0200632811
0.0203580856
0.0205407143
0.0205988884
0.0205267668
0.0203278065
0.0200186968
0.0196323395
0.0192170143
0.0188318491
0.0185365677
0.0183788538
0.0183813572
0.0185328722
0.0187854767
0.0190610886
0.0192639828
0.0192989111
0.0190908909
0.0186014175
0.0178393126
0.0168622732
0.015769124
0.0146840811
0.0137342215
0.0130264759
0.0126287937
0.0125595331
0.0127882957
0.013248086
0.0138549805
0.0145293474
0.0152124166
0.0158746243
0.0165126324
0.017139554
0.0177725554
0.0184229612
0.0190937519
0.0197838545
0.0204963684
0.0212472677
0.0220680237
0.0230025053
0.0240979195
0.0253933668
0.0269111395
0.028652072
0.0305968523
0.0327103138
0.0349451303
0.0372440815
0.0395386219
0.0417463779
0.0437725782
0.0455157757
0.0468810797
0.0477972031
0.0482339859
0.0482147932
0.0478188992
0.0471745729
0.0464421511
0.0457931757
0.0453901291
0.0453698635
0.0458335876
0.0468428135
0.04842031
0.0505530834
0.0531967878
0.0562809706
0.0597149134
0.0633951426
0.0672124624
0.0710600615
0.0748388767
0.0784597397
0.0818414688
0.0849061012
0.0875717402
0.0897475481
0.0913316011
0.0922151804
0.0922913551
0.0914676189
0.089677453
0.0868893862
0.0831081867
0.0783708096
0.072734952
0.0662685633
0.0590406656
0.051119566
0.0425777435
0.0335016251
0.0240013599
0.0142151117
0.00430369377
-0.00556504726
-0.015237689
-0.0245981216
-0.0335832834
-0.0421867371
-0.0504500866
-0.0584442616
-0.066246748
-0.0739219189
-0.0815086365
-0.0890182257
-0.0964379311
-0.103739858
-0.11088717
-0.11783886
-0.124550223
-0.130973458
-0.1370579
-0.142754555
-0.148020387
-0.152824163
-0.157149196
-0.160993695
-0.164367795
-0.167292118
-0.169797421
-0.171929479
-0.173757076
-0.175379872
-0.176933408
-0.178585887
-0.180527925
-0.182953596
-0.186039567
-0.189924359
-0.194693685
-0.200372338
-0.206922412
-0.214248419
-0.222202539
-0.230593562
-0.239194751
-0.247754812
-0.256009221
-0.263696194
-0.27057302
-0.276433706
-0.281122446
-0.284542322
-0.286654472
-0.287470222
-0.287033916
-0.28540349
-0.282629967
-0.278744698
-0.273754358
-0.267649293
-0.260419846
-0.252078891
-0.242682695
-0.232344031
-0.221232414
-0.20956254
-0.197572827
-0.185501099
-0.173563004
-0.161939263
-0.150770545
-0.140159845
-0.130177617
-0.120865941
-0.112240314
-0.104290843
-0.0969853401
-0.0902774334
-0.0841192007
-0.0784760714
-0.0733386278
-0.068726778
-0.0646823645
-0.061254859
-0.0584831238
-0.0563819408
-0.0549390316
-0.0541229248
-0.0538983345
-0.0542414188
-0.0551463366
-0.056619525
-0.0586613417
-0.061242342
-0.0642819405
-0.0676394701
-0.0711206198
-0.074499011
-0.0775465965
-0.0800640583
-0.0819048882
-0.0829882622
-0.083302021
-0.0828976631
-0.0818834305
-0.0804159641
-0.0786943436
-0.0769509077
-0.0754395723
-0.074418664
-0.074128747
-0.074768424
-0.0764732361
-0.079300642
-0.0832268
-0.0881528854
-0.0939217806
-0.100339413
-0.107196808
-0.1142869
-0.121414304
-0.128395677
-0.135054469
-0.14121294
-0.146686435
-0.151284575
-0.154819131
-0.15711844
-0.158040762
-0.157483935
-0.155386209
-0.151717782
-0.146468163
-0.139636517
-0.131229043
-0.121268868
-0.109814763
-0.096981883
-0.0829539299
-0.0679802895
-0.0523545742
-0.0363807678
-0.0203344822
-0.00443387032
0.0111733675
0.0264037848
0.0412180424
0.0555964708
0.0695209503
0.0829684734
0.0959174633
0.108359337
0.120307207
0.131794453
0.142861485
0.153534055
0.163801908
0.173606515
0.18284297
0.191376925
0.199068904
0.20579946
0.211486578
0.216091037
0.219612241
0.222078204
0.22353816
0.224060893
0.223740697
0.222707152
0.221133351
0.219235897
0.217263579
0.215475798
0.214114428
0.213377833
0.213401556
0.214251518
0.215929508
0.218387485
0.221543908
0.225297451
0.22953248
0.234117389
0.238896608
0.243685484
0.248269796
0.252416015
0.255889893
0.258480787
0.260022521
0.260406494
0.259581327
0.25754261
0.254314184
0.249932051
0.244434476
0.237863898
0.23027575
0.221752286
0.212409973
0.202398062
0.191885591
0.18104136
0.170013785
0.158918858
0.147840381
0.136842251
0.125986934
0.1153512
0.105032563
0.0951420069
0.0857853889
0.077041626
0.0689467192
0.0614904165
0.0546283722
0.0483055115
0.0424807072
0.0371443033
0.0323204994
0.0280535221
0.0243835449
0.0213223696
0.0188378096
0.0168544054
0.0152691603
0.0139772892
0.0128955841
0.0119761229
0.0112038851
0.0105811357
0.0101047754
0.00974869728
0.00945770741
0.00915670395
0.00877082348
0.00824797153
0.00757396221
0.006772995
0.00589454174
0.00499117374
0.00409829617
0.00322318077
0.0023496151
0.00145292282
0.000521421432
-0.00042963028
-0.00135576725
-0.00219511986
-0.00288963318
-0.00340652466
-0.00374996662
-0.00395810604
-0.00408661366
-0.00418555737
-0.00427877903
-0.00435531139
-0.00437569618
-0.00429034233
-0.00406324863
-0.00369000435
-0.0032043457
-0.0026692152
-0.0021572113
-0.00172746181
-0.00140607357
-0.00117993355
-0.00100255013
-0.000811934471
-0.000550985336
-0.000186443329
0.000282883644
0.000828742981
0.00140666962
0.00197267532
0.00249910355
0.00298142433
0.00343561172
0.00388586521
0.00434875488
0.00481903553
0.00526535511
0.00563585758
0.00587379932
0.00593745708
0.00581538677
0.00553190708
0.00513958931
0.00470197201
0.00427186489
0.00387632847
0.00351202488
0.00315451622
0.00277614594
0.00236463547
0.00193345547
0.00151956081
0.00116860867
0.000914096832
0.000761151314
0.000681877136
0.000625729561
0.000541090965
0.000398278236
0.000204443932
2.74181366e-06
-0.000144600868
-0.000182271004
-8.53538513e-05
0.000127911568
0.00040268898
0.000668525696
0.000867247581
0.000975966454
0.00101578236
0.0010420084
0.00112175941
0.00130617619
0.0016105175
0.00200903416
0.00244617462
0.00285863876
0.00319886208
0.00345015526
0.00362825394
0.00376725197
0.00390005112
0.00403833389
0.0041629076
0.00422787666
0.00417709351
0.00396549702
0.00357782841
0.0030362606
0.00239408016
0.00171792507
0.00106501579
0.000464677811
-8.88109207e-05
-0.000629544258
-0.00120079517
-0.00183272362
-0.00252354145
-0.00323474407
-0.00390052795
-0.0044503212
-0.00483500957
-0.00504636765
-0.00512230396
-0.00513398647
-0.00515902042
-0.00525152683
-0.00541985035
-0.00562119484
-0.0057772398
-0.00580298901
-0.0056399107
-0.0052781105
-0.00476026535
-0.00416338444
-0.00356709957
-0.00302147865
-0.00252687931
-0.00203478336
-0.00147032738
-0.000765800476
0.000108003616
0.00112605095
0.00221669674
0.00328803062
0.00426340103
0.00511074066
0.00585281849
0.00655448437
0.00729250908
0.00811958313
0.00903892517
0.00999772549
0.0109044313
0.0116603374
0.0121941566
0.0124846697
0.0125647783
0.0125049353
0.0123850107
0.0122650862
0.0121678114
0.0120767355
0.0119508505
0.0117462873
0.01143682
0.0110249519
0.0105390549
0.0100207329
0.00950753689
0.00901997089
0.00855660439
0.00809919834
0.00762522221
0.00712013245
0.00658524036
0.00603795052
0.00550305843
0.00500190258
0.00454211235
0.00411379337
0.00369536877
0.00326454639
0.00281190872
0.0023509264
0.00191819668
0.00156474113
0.00133812428
0.0012652874
0.00133907795
0.00151801109
0.00173854828
0.00193727016
0.00207424164
0.00214970112
0.00220537186
0.00231051445
0.00253558159
0.00292396545
0.00347304344
0.00413131714
0.00481402874
0.00543165207
0.0059210062
0.00626564026
0.0064997673
0.00669252872
0.00692045689
0.00723719597
0.00765407085
0.00813639164
0.00861799717
0.00902628899
0.00930905342
0.00945198536
0.00948321819
0.00946187973
0.00945866108
0.00953435898
0.009724617
0.0100339651
0.0104393959
0.0109006166
0.011371851
0.0118113756
0.0121866465
0.0124754906
0.012665391
0.0127519369
0.0127383471
0.0126363039
0.0124671459
0.0122618675
0.0120592117
0.0119017363
0.0118290186
0.0118712187
0.0120418072
0.0123343468
0.0127235651
0.0131700039
0.0136296749
0.0140650272
0.0144536495
0.0147936344
0.0151020288
0.0154081583
0.0157440901
0.0161356926
0.0165981054
0.0171347857
0.0177412033
0.0184080601
0.0191223621
0.0198640823
0.0206005573
0.0212827921
0.0218465328
0.0222234726
0.0223581791
0.0222289562
0.021861434
0.0213319063
0.0207535028
0.0202519894
0.0199337006
0.0198595524
0.020031333
0.0203938484
0.0208523273
0.0212980509
0.0216326714
0.0217866898
0.0217256546
0.0214474201
0.020973444
0.0203388929
0.0195848942
0.0187543631
0.0178903341
0.0170352459
0.0162292719
0.0155086517
0.0149035454
0.0144370794
0.0141255856
0.0139784813
0.0139979124
0.0141773224
0.0144985914
0.0149309635
0.0154335499
0.0159603357
0.016469717
0.0169340372
0.0173460245
0.0177208185
0.0180914402
0.0185014009
0.0189971924
0.0196232796
0.0204212666
0.0214316845
0.0226955414
0.0242505074
0.0261220932
0.0283099413
0.0307745934
0.0334291458
0.0361424685
0.0387530327
0.0410939455
0.04302001
0.0444333553
0.0452985764
0.0456464291
0.0455640554
0.0451779366
0.044631958
0.0440676212
0.0436089039
0.0433543921
0.0433764458
0.0437251329
0.0444346666
0.0455305576
0.0470324755
0.0489547253
0.0513014793
0.0540620089
0.0572049618
0.0606760979
0.0644010305
0.0682910681
0.0722514391
0.0761877298
0.0800096989
0.0836297274
0.0869594812
0.0899051428
0.0923659801
0.0942369699
0.0954136848
0.0957993269
0.0953088999
0.0938725471
0.0914354324
0.0879596472
0.0834298134
0.0778623819
0.0713176727
0.0639079809
0.0557956696
0.0471782684
0.0382617712
0.0292274952
0.0202049017
0.0112580061
0.00239157677
-0.00642466545
-0.0152235031
-0.0240117311
-0.0327560902
-0.0413887501
-0.0498309135
-0.0580214262
-0.0659406185
-0.0736172199
-0.0811165571
-0.0885132551
-0.0958596468
-0.103162527
-0.110375166
-0.117408037
-0.124151945
-0.130505085
-0.136392593
-0.14177382
-0.146636248
-0.150981545
-0.154811978
-0.158124685
-0.160917163
-0.163202882
-0.165031791
-0.166506171
-0.167786002
-0.169080734
-0.170626998
-0.172658563
-0.175376415
-0.17892468
-0.183378339
-0.188742995
-0.194963336
-0.201937079
-0.209526658
-0.217569113
-0.225880384
-0.234260678
-0.242500901
-0.250395298
-0.257756829
-0.264434934
-0.270323992
-0.275363326
-0.279520869
-0.282768607
-0.285055518
-0.286290288
-0.286341786
-0.285060406
-0.282314897
-0.278034091
-0.272237062
-0.265043139
-0.256655097
-0.247323751
-0.237302899
-0.226812363
-0.216018796
-0.205039024
-0.193959832
-0.18286407
-0.171849847
-0.16103518
-0.150546551
-0.1404984
-0.130972505
-0.122008562
-0.113607645
-0.105748296
-0.0984063148
-0.0915712118
-0.0852506161
-0.0794653893
-0.0742377043
-0.0695816278
-0.0655019283
-0.0620030165
-0.0591042042
-0.0568534136
-0.055328846
-0.0546263456
-0.0548300743
-0.0559775829
-0.0580277443
-0.0608452559
-0.0642058849
-0.0678241253
-0.0713949203
-0.0746377707
-0.0773333311
-0.0793428421
-0.0806099176
-0.0811479092
-0.0810209513
-0.080327034
-0.0791871548
-0.0777429342
-0.0761586428
-0.074622035
-0.0733391047
-0.0725209713
-0.0723619461
-0.0730178356
-0.0745865107
-0.0771005154
-0.080530405
-0.084800601
-0.0898089409
-0.0954453945
-0.101603031
-0.10817802
-0.115061164
-0.122124553
-0.129211545
-0.136133552
-0.14267695
-0.148617983
-0.15373981
-0.157846332
-0.160768032
-0.162359953
-0.162494659
-0.161056757
-0.157944202
-0.153079987
-0.146431446
-0.13803196
-0.12799418
-0.116510749
-0.103836775
-0.090258956
-0.076059103
-0.0614826679
-0.0467205048
-0.0319086313
-0.0171415806
-0.00249242783
0.0119706392
0.0261780024
0.0400654078
0.0535879135
0.0667339563
0.0795302391
0.0920317173
0.104298472
0.116366863
0.128225207
0.139801979
0.150972366
0.161579728
0.171464443
0.180488229
0.188548923
0.195580244
0.201542139
0.206408858
0.210163713
0.212804556
0.214358926
0.214902401
0.214572072
0.213565588
0.212126136
0.210514784
0.20898056
0.207735658
0.206944585
0.206725359
0.207161427
0.208313346
0.210225821
0.212923169
0.216397643
0.220593095
0.225394368
0.230626464
0.236066937
0.241467476
0.246580124
0.251179576
0.255077362
0.258125067
0.26020956
0.261243701
0.261158824
0.259901166
0.257434368
0.253746271
0.248856425
0.242820144
0.235727549
0.227695823
0.218858242
0.209350228
0.199301004
0.188828468
0.178041697
0.167047262
0.155956864
0.144890189
0.133971453
0.123319983
0.113035917
0.103188872
0.0938134193
0.0849148035
0.0764847994
0.0685204268
0.0610392094
0.0540841818
0.0477144718
0.0419861078
0.036929369
0.0325329304
0.0287419558
0.0254716873
0.0226316452
0.0201510191
0.0179930925
0.0161551237
0.0146518946
0.0134903193
0.012648344
0.0120640993
0.0116438866
0.0112825632
0.0108891726
0.010406971
0.0098195076
0.00914108753
0.00839865208
0.00761139393
0.00678002834
0.00588834286
0.00491595268
0.0038548708
0.00272190571
0.00155973434
0.000426054001
-0.000624060631
-0.00155472755
-0.00235807896
-0.00305056572
-0.00365960598
-0.00420629978
-0.00469279289
-0.00509858131
-0.00538945198
-0.00553190708
-0.00551021099
-0.00533592701
-0.00504779816
-0.00470077991
-0.00435042381
-0.00403594971
-0.00377106667
-0.00354349613
-0.00332319736
-0.00307548046
-0.00277423859
-0.002409935
-0.00198960304
-0.00153076649
-0.00105130672
-0.000560641289
-5.49554825e-05
0.000480532646
0.00106322765
0.00170278549
0.00239288807
0.00310826302
0.00380921364
0.00445258617
0.00500380993
0.00544631481
0.00578391552
0.00603568554
0.00622344017
0.00636053085
0.0064432621
0.00645208359
0.00636029243
0.00614786148
0.00581383705
0.00538218021
0.00489699841
0.00441014767
0.00396454334
0.0035816431
0.00325739384
0.00296866894
0.00268745422
0.00239610672
0.00209760666
0.00181603432
0.00158679485
0.00144195557
0.00139582157
0.00143837929
0.00153779984
0.00165259838
0.00174593925
0.00179886818
0.00181484222
0.00181591511
0.0018324852
0.00189054012
0.00200259686
0.00216448307
0.00235927105
0.00256574154
0.0027667284
0.00295591354
0.00313770771
0.00332462788
0.00352966785
0.0037599802
0.00401163101
0.00426805019
0.00450277328
0.00468420982
0.0047826767
0.00477659702
0.00465667248
0.00442683697
0.00410175323
0.00370132923
0.00324392319
0.00274217129
0.00220024586
0.00161719322
0.000992059708
0.000330209732
-0.000352978706
-0.00103318691
-0.00168311596
-0.00228095055
-0.00281739235
-0.003297925
-0.00373864174
-0.00415682793
-0.004560709
-0.00494325161
-0.00528275967
-0.0055513382
-0.00572669506
-0.00580215454
-0.00578939915
-0.00571262836
-0.00559556484
-0.00544905663
-0.00526332855
-0.00501096249
-0.00465965271
-0.00418829918
-0.00359940529
-0.00292181969
-0.00220119953
-0.00148129463
-0.000785589218
-0.00010740757
0.000588059425
0.0013474226
0.00220787525
0.00317847729
0.00423264503
0.00531589985
0.00636398792
0.0073248148
0.00817370415
0.00891721249
0.009583354
0.0102040768
0.010797143
0.011357069
0.0118554831
0.012253046
0.0125143528
0.012622118
0.0125830173
0.0124251842
0.0121889114
0.0119147301
0.0116333961
0.0113610029
0.0110975504
0.0108306408
0.0105403662
0.0102040768
0.00980269909
0.00932455063
0.00877010822
0.00815355778
0.00750136375
0.0068475008
0.00622498989
0.00565779209
0.00515425205
0.0047069788
0.00429677963
0.00390160084
0.00350570679
0.00310492516
0.00270843506
0.00233435631
0.00200378895
0.00173485279
0.00153911114
0.00142097473
0.00137960911
0.00140917301
0.00149941444
0.00163543224
0.00179791451
0.00196683407
0.00212800503
0.00228023529
0.00244057178
0.00264310837
0.0029296875
0.00333571434
0.00387394428
0.00452530384
0.00523865223
0.00594234467
0.00656461716
0.00705361366
0.00739216805
0.00760054588
0.00772821903
0.00783598423
0.00797784328
0.00818765163
0.00847423077
0.00882637501
0.00922226906
0.00964081287
0.0100675821
0.0104957819
0.0109215975
0.0113375187
0.0117273331
0.0120660067
0.012324214
0.0124777555
0.0125174522
0.0124560595
0.0123289824
0.0121878386
0.0120872259
0.0120697021
0.012152195
0.0123209953
0.0125350952
0.0127412081
0.0128914118
0.0129607916
0.0129548311
0.012906909
0.0128633976
0.0128667355
0.0129413605
0.0130919218
0.013313055
0.0136066675
0.0139963627
0.0145281553
0.0152543783
0.0162035227
0.0173493624
0.0185946226
0.0197813511
0.020730257
0.0212966204
0.0214233398
0.0211683512
0.0206923485
0.020209074
0.019914031
0.0199199915
0.0202229023
0.0207139254
0.0212293863
0.021620512
0.0218111277
0.0218205452
0.021743536
0.0216958523
0.0217528343
0.0219067335
0.0220644474
0.0220844746
0.0218384266
0.0212682486
0.0204156637
0.0194085836
0.0184130669
0.0175708532
0.0169503689
0.0165313482
0.0162290335
0.0159448385
0.015619874
0.0152671337
0.0149667263
0.0148285627
0.014936924
0.0153040886
0.0158523321
0.0164334774
0.0168788433
0.0170584917
0.0169279575
0.0165446997
0.0160511732
0.0156315565
0.0154629946
0.0156773329
0.0163446665
0.0174796581
0.0190601349
0.021045208
0.0233826637
0.0260032415
0.0288090706
0.0316660404
0.0344104767
0.036872983
0.0389133692
0.0404535532
0.0414944887
0.0421090126
0.0424124002
0.0425214767
0.042519331
0.0424410105
0.0422852039
0.0420480967
0.0417619944
0.0415204763
0.0414757729
0.0418058634
0.042662859
0.0441223383
0.0461570024
0.04864645
0.0514227152
0.0543342829
0.0573036671
0.0603518486
0.0635806322
0.0671162605
0.0710363388
0.0753105879
0.0797798634
0.0841828585
0.0882216692
0.0916372538
0.0942674875
0.0960613489
0.0970482826
0.0972760916
0.0967499018
0.0954005718
0.0930995941
0.0897153616
0.085185647
0.0795725584
0.0730723143
0.065969348
0.0585535765
0.0510321856
0.043473959
0.0358120203
0.0279028416
0.0196187496
0.0109317303
0.00195229053
-0.00709533691
-0.0159519911
-0.0244232416
-0.0324550867
-0.0401533842
-0.0477356911
-0.0554358959
-0.0634024143
-0.0716326237
-0.0799711943
-0.0881741047
-0.0960063934
-0.103333116
-0.110160351
-0.116609812
-0.122836947
-0.128931046
-0.134842038
-0.140370965
-0.145230532
-0.149156213
-0.152020216
-0.153903365
-0.155093312
-0.156009078
-0.157080173
-0.158630729
-0.160809994
-0.163597703
-0.166873813
-0.170520425
-0.174509525
-0.178935409
-0.18397975
-0.189825177
-0.196555495
-0.204089999
-0.212181568
-0.22048223
-0.22865057
-0.236452937
-0.243817091
-0.250812054
-0.257563472
-0.264138937
-0.270454407
-0.276243448
-0.281105757
-0.284617662
-0.286459684
-0.286511779
-0.284873962
-0.281808257
-0.277623892
-0.272557497
-0.266695261
-0.259970903
-0.25223732
-0.243379831
-0.233419776
-0.222566128
-0.211188674
-0.199726939
-0.188570023
-0.177956343
-0.167932034
-0.158380866
-0.149109602
-0.139950037
-0.130836964
-0.121833205
-0.113096714
-0.104811549
-0.0971162319
-0.0900617838
-0.0836155415
-0.0777075291
-0.0722934008
-0.0674064159
-0.0631732941
-0.059787631
-0.0574505329
-0.056302309
-0.0563695431
-0.0575467348
-0.0596138239
-0.062281847
-0.0652474165
-0.0682379007
-0.0710369349
-0.073487401
-0.0754796267
-0.0769358873
-0.0778003931
-0.0780415535
-0.077663064
-0.0767196417
-0.0753263235
-0.0736569166
-0.0719263554
-0.0703625679
-0.0691722631
-0.0685122013
-0.0684748888
-0.0690914392
-0.0703525543
-0.0722386837
-0.0747480392
-0.0779122114
-0.0817910433
-0.0864485502
-0.091917038
-0.0981639624
-0.105074167
-0.112455845
-0.120068192
-0.127660275
-0.135006666
-0.1419245
-0.148266315
-0.153894305
-0.158646703
-0.162317395
-0.164658666
-0.165412426
-0.164359331
-0.161370158
-0.156438351
-0.149682403
-0.141316533
-0.131600499
-0.120787859
-0.109089613
-0.0966647863
-0.0836356878
-0.0701173544
-0.0562429428
-0.0421724319
-0.02807796
-0.0141130686
-0.000377774239
0.0131033659
0.0263797045
0.0395468473
0.0527046919
0.0659121275
0.0791586637
0.0923591852
0.105373502
0.118041158
0.130216479
0.141789794
0.152688622
0.162858844
0.172238946
0.180737972
0.188232303
0.194583774
0.199675083
0.203450203
0.205944061
0.207289457
0.207697749
0.207420111
0.206702232
0.205749631
0.204715729
0.203713298
0.202843904
0.202228904
0.20202589
0.202421427
0.203599215
0.205695391
0.208757639
0.21272397
0.217431664
0.222651601
0.228137255
0.23366785
0.239072919
0.244228959
0.249034405
0.25337708
0.25711
0.260048747
0.261993647
0.262766957
0.262251258
0.260412455
0.257298589
0.25301528
0.24768889
0.241431594
0.234323025
0.226413608
0.217745423
0.20837903
0.198412776
0.187986493
0.177265406
0.166414499
0.155572414
0.144837618
0.134271741
0.123916507
0.113816381
0.104035974
0.0946626663
0.0857938528
0.0775151253
0.0698775053
0.0628863573
0.0565053225
0.0506746769
0.0453367233
0.0404572487
0.036033988
0.0320905447
0.0286564827
0.0257453918
0.0233371258
0.021373868
0.0197702646
0.0184328556
0.0172815323
0.0162633657
0.0153543949
0.0145500898
0.0138479471
0.0132318735
0.0126640797
0.0120887756
0.0114450455
0.010684371
0.0097848177
0.0087569952
0.00763785839
0.00647723675
0.00532126427
0.00419938564
0.00312077999
0.00208067894
0.00107228756
0.00010073185
-0.000810027122
-0.00161874294
-0.00227832794
-0.00275218487
-0.00302970409
-0.00313329697
-0.00311422348
-0.00303769112
-0.00296270847
-0.00292313099
-0.00291788578
-0.00291442871
-0.00286352634
-0.00272011757
-0.00246345997
-0.00210618973
-0.00169157982
-0.00127720833
-0.000912904739
-0.000621318817
-0.000388383865
-0.000168681145
9.76324081e-05
0.000461101532
0.000943422318
0.00152850151
0.00216889381
0.00280368328
0.00338077545
0.00387489796
0.00429308414
0.00466644764
0.00503194332
0.00541198254
0.00580084324
0.00616431236
0.00645160675
0.00661456585
0.0066267252
0.00649189949
0.00624155998
0.00592029095
0.00556921959
0.00521206856
0.00485301018
0.00448393822
0.00409960747
0.00370979309
0.00334346294
0.00304162502
0.00284075737
0.00275576115
0.00276935101
0.00283455849
0.00289142132
0.00288879871
0.00280547142
0.00265944004
0.00250077248
0.00239264965
0.00238549709
0.00249671936
0.00270426273
0.00295507908
0.00318670273
0.00335228443
0.00343823433
0.00346851349
0.00349378586
0.00357019901
0.00373578072
0.00399541855
0.00431799889
0.00464773178
0.00492429733
0.0051035881
0.00517106056
0.00514292717
0.00505638123
0.00495064259
0.00484955311
0.00475025177
0.00462388992
0.00442659855
0.00411832333
0.00367987156
0.00312268734
0.00248730183
0.0018286705
0.00119650364
0.000616788864
8.18967819e-05
-0.000443816185
-0.00100719929
-0.00164210796
-0.00234985352
-0.00309169292
-0.00379776955
-0.00439107418
-0.00481581688
-0.00505948067
-0.00515937805
-0.00518834591
-0.0052267313
-0.00532996655
-0.00550639629
-0.00571274757
-0.00587177277
-0.00590193272
-0.00574982166
-0.00540864468
-0.00491881371
-0.00434792042
-0.00376212597
-0.00319957733
-0.00265789032
-0.00210058689
-0.00147783756
-0.000752329826
8.24928284e-05
0.000999093056
0.00194811821
0.0028809309
0.00376951694
0.00461697578
0.00545108318
0.00630581379
0.00719881058
0.00811517239
0.00900518894
0.00979828835
0.010428071
0.0108575821
0.0110948086
0.011192441
0.0112301111
0.0112857819
0.0114073753
0.0115945339
0.0117981434
0.0119379759
0.0119332075
0.0117325783
0.0113366842
0.0108002424
0.0102157593
0.00968205929
0.00927090645
0.00900220871
0.00883865356
0.00869965553
0.00849235058
0.00814473629
0.00763177872
0.00698161125
0.00626373291
0.00556278229
0.00494885445
0.00445747375
0.00408434868
0.00379657745
0.00355195999
0.00331962109
0.00308966637
0.0028719902
0.00268518925
0.00254285336
0.00244486332
0.00237810612
0.00232625008
0.00228142738
0.00225317478
0.00226831436
0.00236201286
0.0025626421
0.00287973881
0.00329720974
0.00377750397
0.00427234173
0.00473749638
0.00514364243
0.00548148155
0.00575911999
0.00599515438
0.00620985031
0.00641894341
0.00663161278
0.00685250759
0.00708520412
0.00733602047
0.00761604309
0.00793969631
0.00831985474
0.00876152515
0.0092549324
0.00977194309
0.0102682114
0.0106916428
0.0109972954
0.0111635923
0.0112041235
0.0111687183
0.0111328363
0.0111752748
0.0113528967
0.0116808414
0.0121281147
0.0126273632
0.0130981207
0.0134721994
0.0137104988
0.0138071775
0.0137803555
0.0136588812
0.013471961
0.0132516623
0.0130420923
0.0129112005
0.0129499435
0.0132541656
0.0138911009
0.0148619413
0.0160810947
0.0173845291
0.0185712576
0.0194660425
0.0199786425
0.0201346874
0.0200644732
0.0199500322
0.0199542046
0.0201590061
0.020539999
0.0209875107
0.0213629007
0.0215651989
0.0215771198
0.0214713812
0.0213752985
0.021412611
0.0216481686
0.0220620632
0.0225607157
0.0230195522
0.0233335495
0.0234525204
0.0233875513
0.0231873989
0.0229017735
0.0225508213
0.0221166611
0.0215603113
0.0208539963
0.0200111866
0.0190981627
0.018221736
0.0174976587
0.0170147419
0.0168095827
0.0168607235
0.0171017647
0.0174438953
0.0177969933
0.0180820227
0.0182335377
0.0181993246
0.0179423094
0.0174506903
0.0167509317
0.015917778
0.0150709152
0.0143574476
0.0139210224
0.013871789
0.0142652988
0.0151022673
0.0163439512
0.0179374218
0.0198357105
0.0220047235
0.0244122744
0.0270075798
0.029703021
0.0323684216
0.0348461866
0.0369809866
0.0386558771
0.0398188829
0.0404925346
0.0407625437
0.0407510996
0.04058671
0.0403795242
0.0402090549
0.0401259661
0.040160656
0.0403360128
0.0406755209
0.0412077904
0.0419669151
0.0429906845
0.0443190336
0.045992136
0.0480481386
0.0505179167
0.0534192324
0.0567491055
0.0604801178
0.0645588636
0.0689079762
0.0734306574
0.0780141354
0.0825314522
0.0868427753
0.0907971859
0.0942388773
0.0970174074
0.0990017653
0.100093365
0.100234866
0.0994107723
0.0976400375
0.0949653387
0.0914410353
0.0871258974
0.0820819139
0.0763765574
0.0700856447
0.0632936954
0.0560903549
0.0485621691
0.0407862663
0.0328271389
0.0247378349
0.0165652037
0.00835514069
0.000153779984
-0.00799763203
-0.0160713196
-0.0240628719
-0.0319958925
-0.0399173498
-0.0478854179
-0.0559492111
-0.0641297102
-0.0724056959
-0.0807085037
-0.0889276266
-0.0969238281
-0.104547024
-0.11165452
-0.118126988
-0.123881221
-0.128878355
-0.133128166
-0.136687994
-0.139655948
-0.14215982
-0.144341826
-0.14634335
-0.148292184
-0.150296807
-0.152445674
-0.154813647
-0.157470107
-0.160485983
-0.163936138
-0.167897344
-0.172439814
-0.177617073
-0.183455229
-0.18994534
-0.197039247
-0.204649925
-0.212656975
-0.220914245
-0.22925961
-0.237525463
-0.24554646
-0.253165603
-0.260235429
-0.266618133
-0.272182345
-0.276802301
-0.28035748
-0.282737613
-0.283848166
-0.283618927
-0.282011151
-0.279023647
-0.274695516
-0.269107699
-0.262380004
-0.254667759
-0.246152878
-0.23703301
-0.227505326
-0.217749953
-0.207913041
-0.198097229
-0.188358188
-0.17871201
-0.169148803
-0.159650445
-0.150206089
-0.140822411
-0.131528497
-0.122374773
-0.113431931
-0.104790211
-0.0965610743
-0.0888786316
-0.0818967819
-0.0757800341
-0.0706847906
-0.0667355061
-0.0640007257
-0.0624759197
-0.0620781183
-0.0626544952
-0.0640013218
-0.0658894777
-0.0680868626
-0.0703766346
-0.07256639
-0.0744929314
-0.0760241747
-0.0770626068
-0.0775510073
-0.0774796009
-0.0768885612
-0.0758663416
-0.0745382309
-0.0730491877
-0.0715441704
-0.0701515675
-0.0689738989
-0.0680892467
-0.0675600767
-0.0674458742
-0.0678147078
-0.0687479973
-0.0703365803
-0.0726696253
-0.0758192539
-0.0798267126
-0.0846933126
-0.090378046
-0.0968011618
-0.10385108
-0.111389637
-0.119255066
-0.127259731
-0.135188103
-0.142795563
-0.14981401
-0.155964375
-0.160977244
-0.164614916
-0.166692734
-0.167091727
-0.16576314
-0.16272223
-0.15803659
-0.151812434
-0.144183517
-0.135303855
-0.125343084
-0.114483118
-0.102912664
-0.0908168554
-0.0783644915
-0.0656938553
-0.0529026985
-0.0400440693
-0.0271303654
-0.014144659
-0.00105667114
0.0121613741
0.0255208015
0.0390086174
0.0525844097
0.0661824942
0.0797168016
0.0930866003
0.106181979
0.118886471
0.131078005
0.14262867
0.15340507
0.163270831
0.172094703
0.179762006
0.186190486
0.191344976
0.195246935
0.197975755
0.199660897
0.200465918
0.200570703
0.200156927
0.199401498
0.198477626
0.19756031
0.196830511
0.196472526
0.196661472
0.197544217
0.199219227
0.201724172
0.205034375
0.209074616
0.213736892
0.218898535
0.224431157
0.230199337
0.236050963
0.241807818
0.24726367
0.252195477
0.256385922
0.259651661
0.261863947
0.262956977
0.262918591
0.261768579
0.259534717
0.25623548
0.251877069
0.246465325
0.240024686
0.23261559
0.224341273
0.215341449
0.205772996
0.195788741
0.185519457
0.175067782
0.164513469
0.153926492
0.143381
0.132963777
0.122774124
0.112914681
0.103479147
0.09454
0.0861427784
0.0783057213
0.0710264444
0.064291358
0.0580844879
0.0523934364
0.047211647
0.042535305
0.0383597612
0.0346729755
0.0314519405
0.0286620855
0.0262596607
0.0241972208
0.0224304199
0.0209219456
0.0196415186
0.0185618401
0.017650485
0.0168627501
0.0161401033
0.015414834
0.0146217346
0.0137132406
0.0126706362
0.0115075111
0.0102623701
0.00898396969
0.0077136755
0.00647425652
0.00526809692
0.00408613682
0.00292301178
0.00179052353
0.000721931458
-0.000235319138
-0.00103461742
-0.00164878368
-0.00208091736
-0.00236403942
-0.00254809856
-0.00268137455
-0.00279295444
-0.00288414955
-0.00293385983
-0.00291180611
-0.00279688835
-0.00258874893
-0.00231027603
-0.00199913979
-0.00169289112
-0.00141406059
-0.0011639595
-0.000923633575
-0.000664949417
-0.000363230705
-7.51018524e-06
0.000396847725
0.00083220005
0.00127863884
0.00172364712
0.00216841698
0.00262701511
0.00312030315
0.00366616249
0.00426971912
0.00491786003
0.00557851791
0.00620603561
0.00675082207
0.00717067719
0.00743985176
0.00755476952
0.00753343105
0.00740849972
0.0072170496
0.00699019432
0.00674569607
0.00648725033
0.00621032715
0.00591206551
0.00560069084
0.00529944897
0.00504291058
0.00486624241
0.00479066372
0.00481319427
0.00490427017
0.00501573086
0.00509774685
0.00511646271
0.00506651402
0.00497281551
0.0048803091
0.0048365593
0.00487411022
0.00499868393
0.00519037247
0.00541293621
0.00563013554
0.00581884384
0.00597608089
0.00611543655
0.00625705719
0.00641620159
0.00659549236
0.00678408146
0.00696408749
0.00711941719
0.00724327564
0.0073390007
0.00741577148
0.00747978687
0.00752687454
0.00754022598
0.00749409199
0.00736284256
0.00713121891
0.00679993629
0.0063855648
0.00591266155
0.00540316105
0.00486683846
0.00429749489
0.00367701054
0.00298583508
0.00221550465
0.00137865543
0.000511288643
-0.000334620476
-0.00110423565
-0.00175619125
-0.00227546692
-0.0026768446
-0.00299954414
-0.00329244137
-0.00359666348
-0.00393033028
-0.00428175926
-0.00461363792
-0.00487542152
-0.00502085686
-0.00502383709
-0.00488650799
-0.00463700294
-0.00431847572
-0.00397217274
-0.00362288952
-0.00326991081
-0.00288939476
-0.00244367123
-0.00189650059
-0.00122690201
-0.000436902046
0.00044965744
0.0013948679
0.00235915184
0.00331246853
0.0042399168
0.00514137745
0.00602519512
0.00689983368
0.00776684284
0.00861823559
0.0094383955
0.0102084875
0.0109121799
0.011538744
0.0120830536
0.012542963
0.0129162073
0.0131981373
0.0133833885
0.0134689808
0.0134595633
0.0133700371
0.0132254362
0.0130550861
0.0128849745
0.0127292871
0.0125840902
0.0124287605
0.0122318268
0.0119633675
0.0116057396
0.0111629963
0.0106613636
0.0101414919
0.00964581966
0.00920343399
0.00882053375
0.00847899914
0.00814425945
0.00778114796
0.00736892223
0.00691187382
0.00643849373
0.00599133968
0.00560951233
0.00531256199
0.00509274006
0.00491905212
0.00475263596
0.0045671463
0.00436460972
0.00418102741
0.00407540798
0.00410890579
0.00431871414
0.00470006466
0.00520181656
0.00573897362
0.00621879101
0.00656914711
0.00676047802
0.0068128109
0.00678658485
0.00676167011
0.00681221485
0.00698685646
0.00729954243
0.00773251057
0.0082463026
0.00879395008
0.00933074951
0.00982046127
0.0102360249
0.0105597973
0.0107837915
0.0109122992
0.0109651089
0.0109792948
0.0110048056
0.0110962391
0.0112992525
0.0116382837
0.0121077299
0.0126712322
0.0132682323
0.0138274431
0.014282465
0.0145847797
0.0147130489
0.014674902
0.0145033598
0.0142489672
0.0139698982
0.0137234926
0.0135580301
0.0135097504
0.0136013031
0.0138428211
0.01423347
0.014763236
0.015411973
0.0161488056
0.0169315338
0.0177084208
0.0184248686
0.0190336704
0.0195066929
0.0198435783
0.0200737715
0.0202482939
0.02042377
0.0206432343
0.0209211111
0.0212395191
0.0215573311
0.0218300819
0.0220327377
0.0221756697
0.0223048925
0.0224877596
0.0227856636
0.0232266188
0.0237873793
0.0243937969
0.0249387026
0.0253124237
0.0254335403
0.0252692699
0.0248405933
0.0242102146
0.0234613419
0.0226767063
0.0219230652
0.021247983
0.0206832886
0.0202519894
0.0199719667
0.0198533535
0.0198907852
0.0200549364
0.0202883482
0.0205104351
0.0206301212
0.0205640793
0.020254612
0.0196810961
0.0188643932
0.0178618431
0.0167570114
0.0156469345
0.0146321058
0.0138071775
0.0132565498
0.0130519867
0.0132496357
0.0138884783
0.0149861574
0.0165348053
0.0184957981
0.0207964182
0.0233304501
0.0259641409
0.0285493135
0.0309436321
0.033031702
0.0347448587
0.0360697508
0.0370454788
0.0377457142
0.038253665
0.0386369228
0.0389308929
0.0391384363
0.0392431021
0.0392334461
0.0391248465
0.0389720201
0.038865447
0.0389142036
0.0392211676
0.0398632288
0.040882349
0.0422921181
0.0440946817
0.0462992191
0.0489321947
0.0520323515
0.0556316376
0.0597295761
0.0642712116
0.0691382885
0.0741591454
0.0791338682
0.0838667154
0.0881935358
0.0919972658
0.0952055454
0.0977751017
0.0996706486
0.10084784
0.101246953
0.100800157
0.0994485617
0.0971611738
0.0939493179
0.0898698568
0.0850169659
0.0795052052
0.0734513998
0.0669606924
0.060120225
0.0530021191
0.0456706285
0.0381883383
0.0306174755
0.0230126381
0.0154089928
0.00780963898
0.000178813934
-0.00755214691
-0.0154676437
-0.0236415863
-0.0321093798
-0.0408480167
-0.049770236
-0.0587364435
-0.0675787926
-0.0761322975
-0.0842614174
-0.09187603
-0.0989326239
-0.105423331
-0.111359119
-0.116754174
-0.121618152
-0.125957608
-0.129783511
-0.133122683
-0.13602376
-0.138559341
-0.140820265
-0.142907739
-0.144926667
-0.146981716
-0.149178624
-0.151627183
-0.154441237
-0.157735467
-0.16161418
-0.166157603
-0.171407819
-0.177360415
-0.183964491
-0.191132069
-0.198752761
-0.206709623
-0.214890122
-0.22318995
-0.231507659
-0.239734292
-0.247741461
-0.255374432
-0.26245153
-0.268773317
-0.274137974
-0.278360367
-0.28129077
-0.282828569
-0.282930136
-0.281609416
-0.278932214
-0.275006771
-0.269971251
-0.2639817
-0.25719893
-0.24977839
-0.241859555
-0.233559489
-0.224965692
-0.216134787
-0.207092643
-0.197840095
-0.188362122
-0.178641438
-0.168673277
-0.158480525
-0.148124814
-0.137712836
-0.127394557
-0.117354631
-0.107796788
-0.0989263058
-0.0909304619
-0.0839623213
-0.0781292915
-0.073486805
-0.0700368881
-0.067731142
-0.0664753914
-0.0661377907
-0.0665557384
-0.0675457716
-0.0689128637
-0.0704623461
-0.0720108747
-0.0733989477
-0.0745000839
-0.0752284527
-0.0755420923
-0.0754410028
-0.0749604702
-0.0741605759
-0.0731141567
-0.0718947649
-0.0705701113
-0.0692001581
-0.0678418875
-0.0665587187
-0.0654312372
-0.064563632
-0.064083457
-0.0641336441
-0.0648560524
-0.0663737059
-0.0687755346
-0.0721076727
-0.076374054
-0.0815432072
-0.0875573158
-0.094337821
-0.101783752
-0.109764218
-0.118107319
-0.126592755
-0.134954095
-0.14289248
-0.150100708
-0.156292319
-0.161227345
-0.164728522
-0.166685343
-0.167047858
-0.165814161
-0.163019776
-0.158730149
-0.153040051
-0.146074772
-0.13798964
-0.128962874
-0.119181275
-0.108820081
-0.0980235338
-0.0868909359
-0.0754737854
-0.0637836456
-0.0518091917
-0.0395350456
-0.0269582272
-0.014095068
-0.000980377197
0.0123405457
0.0258221626
0.0394239426
0.0531083345
0.0668307543
0.0805233717
0.0940802097
0.107349515
0.12013793
0.132228851
0.143410325
0.153505921
0.162398577
0.170040607
0.176447392
0.181677103
0.185805678
0.188907146
0.191046834
0.192292094
0.192732096
0.192501426
0.191791534
0.190845251
0.189932108
0.189312696
0.189202785
0.189750671
0.191033959
0.193073988
0.195860147
0.199370503
0.203578949
0.208447456
0.21390605
0.219834685
0.226056337
0.23234868
0.238472581
0.244205952
0.249371171
0.253844738
0.257545948
0.260413289
0.262377501
0.263347983
0.26321876
0.261891961
0.259309292
0.25547874
0.250480294
0.244452477
0.237558365
0.229949474
0.221737027
0.2129848
0.203722477
0.193975329
0.183794975
0.173280597
0.162580132
0.151873231
0.141339898
0.131129622
0.12133944
0.112009287
0.103134036
0.0946878195
0.086648941
0.079018712
0.0718263388
0.0651203394
0.0589501858
0.0533469915
0.0483107567
0.0438094139
0.0397900343
0.036198616
0.0329972506
0.0301747322
0.027741313
0.0257121325
0.0240826607
0.0228099823
0.0218057632
0.0209492445
0.0201141834
0.0192015171
0.0181645155
0.0170148611
0.015806675
0.0146044493
0.0134483576
0.0123319626
0.0112035275
0.00999009609
0.00863575935
0.0071362257
0.00555348396
0.00400328636
0.00261735916
0.00149679184
0.000674843788
0.000105381012
-0.000317335129
-0.000715851784
-0.00118052959
-0.00173485279
-0.00232875347
-0.0028617382
-0.00322544575
-0.00334858894
-0.00322473049
-0.00291323662
-0.0025151968
-0.00213432312
-0.00184071064
-0.0016502142
-0.00152778625
-0.0014090538
-0.0012319088
-0.00096154213
-0.000601291656
-0.000185847282
0.000239849091
0.000643849373
0.00102365017
0.0014090538
0.0018491745
0.00239145756
0.00305986404
0.00384116173
0.00468540192
0.00552034378
0.00627315044
0.00689256191
0.00736188889
0.00769877434
0.00794112682
0.00812602043
0.00826942921
0.00835621357
0.00834572315
0.00819039345
0.00786173344
0.00737082958
0.00677585602
0.00616943836
0.00565087795
0.00529313087
0.00511658192
0.00508236885
0.00510776043
0.00509917736
0.00498890877
0.00476133823
0.00445795059
0.00415861607
0.00394749641
0.00387859344
0.00395405293
0.00412535667
0.00431609154
0.00445568562
0.00450944901
0.00449156761
0.00445771217
0.00447869301
0.00460839272
0.00486028194
0.00520145893
0.00556635857
0.00588428974
0.00610840321
0.00623297691
0.00629460812
0.00635480881
0.00647354126
0.00668382645
0.00697767735
0.00730788708
0.00760376453
0.00779497623
0.00783324242
0.00770449638
0.00742864609
0.00704669952
0.00660347939
0.00612974167
0.00563359261
0.00510001183
0.00450193882
0.00381422043
0.003028512
0.00216019154
0.00124752522
0.000342130661
-0.000505328178
-0.00125861168
-0.00190329552
-0.00244700909
-0.00291156769
-0.00332176685
-0.00369572639
-0.00403940678
-0.00434887409
-0.00461602211
-0.00483596325
-0.00501024723
-0.00514507294
-0.00524377823
-0.00529980659
-0.00529193878
-0.00518798828
-0.00495457649
-0.00457155704
-0.00404286385
-0.00339961052
-0.00269246101
-0.00197541714
-0.00128626823
-0.000632166862
1.3589859e-05
0.000701546669
0.00148677826
0.00240707397
0.00346577168
0.00462770462
0.00582802296
0.00699150562
0.00805389881
0.00897884369
0.00976443291
0.0104366541
0.0110346079
0.0115926266
0.0121259689
0.0126256943
0.0130636692
0.0134044886
0.0136210918
0.0137053728
0.0136727095
0.013556242
0.0133951902
0.0132212639
0.0130482912
0.012868762
0.012660265
0.0123963356
0.0120601654
0.0116530657
0.0111966133
0.0107249022
0.0102726221
0.00986206532
0.00949513912
0.00915277004
0.00880336761
0.00841450691
0.00796449184
0.00744867325
0.00687885284
0.00627756119
0.00566995144
0.00507891178
0.00452387333
0.00402450562
0.00360441208
0.00329172611
0.00311386585
0.0030875206
0.00320744514
0.00344014168
0.00372672081
0.00399661064
0.00418746471
0.00426542759
0.0042372942
0.00415015221
0.00407731533
0.00409638882
0.00426590443
0.0046094656
0.0051112175
0.00572311878
0.00638020039
0.00701713562
0.00758063793
0.00803506374
0.00836277008
0.00856113434
0.00864005089
0.00862193108
0.00854301453
0.00845384598
0.00841522217
0.00848889351
0.00872468948
0.00914645195
0.00974273682
0.0104655027
0.0112380981
0.0119704008
0.0125778913
0.0129989386
0.0132056475
0.013207078
0.0130439997
0.0127785206
0.0124802589
0.0122140646
0.012029767
0.0119576454
0.0120071173
0.0121706724
0.012429595
0.0127617121
0.013148427
0.0135788918
0.0140520334
0.0145747662
0.0151571035
0.0158047676
0.0165128708
0.0172609091
0.0180118084
0.0187153816
0.0193172693
0.0197712183
0.0200525522
0.0201690197
0.0201654434
0.0201191902
0.0201261044
0.0202783346
0.0206407309
0.0212317705
0.0220149755
0.022906065
0.0237923861
0.0245608091
0.0251246691
0.0254411697
0.0255141258
0.0253825188
0.025100112
0.0247155428
0.0242598057
0.0237475634
0.0231878757
0.0226006508
0.0220270157
0.0215301514
0.0211812258
0.0210382938
0.0211230516
0.0214080811
0.0218164921
0.0222381353
0.0225532055
0.0226581097
0.0224827528
0.021997571
0.0212093592
0.0201523304
0.018879056
0.0174556971
0.0159624815
0.0144957304
0.013166666
0.0120933056
0.0113857985
0.0111289024
0.0113654137
0.0120898485
0.0132513046
0.0147674084
0.016543746
0.0184910297
0.0205370188
0.0226287842
0.0247260332
0.0267919302
0.028783083
0.0306463242
0.0323221684
0.0337538719
0.0349003077
0.0357456207
0.0363035202
0.0366137028
0.0367316008
0.0367144346
0.0366098881
0.0364508629
0.0362596512
0.036059618
0.0358906984
0.0358223915
0.0359561443
0.0364170074
0.0373319387
0.0388045311
0.040892005
0.0435936451
0.0468547344
0.0505828857
0.0546724796
0.0590260029
0.063564539
0.0682258606
0.0729509592
0.0776673555
0.0822776556
0.0866580009
0.0906684399
0.0941700935
0.0970408916
0.0991857052
0.100536108
0.101044297
0.100674629
0.0994018316
0.0972164869
0.094137311
0.0902243853
0.0855853558
0.080368638
0.074742794
0.0688672066
0.0628615618
0.0567845106
0.0506275892
0.044326663
0.0377874374
0.0309169292
0.0236514807
0.0159745216
0.00791966915
-0.000440359116
-0.00901341438
-0.0177093744
-0.0264552832
-0.0352004766
-0.0439090729
-0.0525454283
-0.0610582829
-0.0693705082
-0.0773818493
-0.0849823952
-0.0920747519
-0.0985940695
-0.104519129
-0.109869361
-0.114688516
-0.119022965
-0.122904658
-0.126347184
-0.129357338
-0.131957531
-0.134207726
-0.136217117
-0.138136864
-0.140135884
-0.14236939
-0.144952297
-0.147949457
-0.151384711
-0.155265689
-0.159609675
-0.164459944
-0.169882298
-0.175944328
-0.182685852
-0.190092444
-0.198084354
-0.206522942
-0.215231776
-0.224021912
-0.232709527
-0.241123557
-0.24909997
-0.256472588
-0.263067007
-0.268705606
-0.273221374
-0.276481032
-0.278404236
-0.278977752
-0.27825582
-0.276350498
-0.273411632
-0.269603848
-0.26508069
-0.259962916
-0.254321933
-0.248174071
-0.24148643
-0.234197378
-0.226245522
-0.217601776
-0.208291769
-0.198402643
-0.188069224
-0.177447319
-0.166684628
-0.155904531
-0.145209074
-0.134702086
-0.124518991
-0.114847064
-0.105920792
-0.0979880095
-0.0912563801
-0.0858384371
-0.0817199945
-0.0787647963
-0.0767565966
-0.0754613876
-0.0746871233
-0.0743162632
-0.0742999315
-0.0746198893
-0.0752375126
-0.0760557652
-0.0769115686
-0.0776047707
-0.0779500008
-0.0778304338
-0.0772283077
-0.0762221813
-0.0749495029
-0.0735542774
-0.0721399784
-0.0707472563
-0.0693647861
-0.0679652691
-0.0665509701
-0.0651878119
-0.0640158653
-0.0632314682
-0.0630505085
-0.0636667013
-0.0652195215
-0.0677813292
-0.0713633299
-0.0759330988
-0.0814329386
-0.0877908468
-0.0949184895
-0.102699995
-0.110977769
-0.119544148
-0.128143787
-0.136489749
-0.144287467
-0.15126276
-0.157183647
-0.16187346
-0.165211797
-0.167128205
-0.16759181
-0.166603684
-0.164193749
-0.160422564
-0.155383348
-0.149201632
-0.142026424
-0.134014845
-0.125313044
-0.116039634
-0.106276512
-0.0960714817
-0.0854480267
-0.0744203329
-0.0630028248
-0.0512125492
-0.0390635729
-0.0265594721
-0.0136903524
-0.00044131279
0.0131875277
0.027155757
0.0413633585
0.0556474924
0.069799304
0.0835984945
0.0968513489
0.109418035
0.121217012
0.13220489
0.142341137
0.151554704
0.159730554
0.166725636
0.172410965
0.176724434
0.179711938
0.181538582
0.182462573
0.182780862
0.182766795
0.182623386
0.18247056
0.182368755
0.182366729
0.182549953
0.183067679
0.184124112
0.185935616
0.188671112
0.192398071
0.197058201
0.202479005
0.208420753
0.214636207
0.220923424
0.227149844
0.2332443
0.239159465
0.244826078
0.250118017
0.254844427
0.25877285
0.261675
0.263377547
0.263798952
0.262956738
0.260944963
0.257888675
0.253894687
0.249017715
0.243255258
0.236572266
0.228947163
0.2204175
0.211107969
0.201224327
0.191016436
0.18072021
0.170503974
0.160438538
0.150506258
0.140644431
0.130807996
0.121022701
0.111407161
0.102151155
0.0934590101
0.0854783058
0.0782481432
0.0716868639
0.0656300783
0.0599017143
0.054392457
0.0491091013
0.044174552
0.0397759676
0.036082983
0.0331681967
0.0309654474
0.0292832851
0.0278683901
0.0264923573
0.0250258446
0.0234690905
0.0219275951
0.0205444098
0.0194208622
0.0185585022
0.0178482533
0.0171092749
0.0161603689
0.014891386
0.013304472
0.0115098953
0.00967848301
0.00797438622
0.00649631023
0.00525057316
0.00416564941
0.00313687325
0.00208055973
0.000972628593
-0.000142931938
-0.00117695332
-0.00203645229
-0.00266456604
-0.00306117535
-0.00327777863
-0.00339078903
-0.00346720219
-0.00353860855
-0.00359475613
-0.00359714031
-0.00350534916
-0.00330257416
-0.0030092001
-0.00267732143
-0.00237154961
-0.00214278698
