-4.35113907e-05
-8.72612e-05
-0.000138521194
-0.000195145607
-0.000254154205
-0.000317811966
-0.000382423401
-0.000447750092
-0.000510215759
-0.000573992729
-0.000632762909
-0.000688314438
-0.000737547874
-0.000779271126
-0.000803947449
-0.000809788704
-0.000795125961
-0.000756263733
-0.000698566437
-0.000618934631
-0.000524044037
-0.000409007072
-0.000274181366
-0.000115156174
6.87837601e-05
0.000282883644
0.000520944595
0.000778913498
0.00105261803
0.00133621693
0.00162279606
0.00191283226
0.00220680237
0.00251531601
0.0028398037
0.00318646431
0.00354838371
0.00392520428
0.004316926
0.00472664833
0.00516092777
0.00562787056
0.00614643097
0.00673794746
0.00740790367
0.00817084312
0.00903558731
0.010007143
0.011090517
0.0122976303
0.0136377811
0.0151267052
0.0167796612
0.0186090469
0.020627737
0.022837162
0.0252380371
0.0278306007
0.0306136608
0.0335867405
0.0367512703
0.0401070118
0.0436532497
0.0473875999
0.0513019562
0.0553851128
0.0596222878
0.0639967918
0.0684976578
0.0731110573
0.0778298378
0.0826466084
0.0875513554
0.0925364494
0.0975937843
0.102709293
0.1078794
0.11310029
0.118379831
0.12372303
0.129144669
0.134665966
0.140306711
0.146087289
0.152028561
0.158151627
0.164479971
0.171037793
0.177849293
0.184946597
0.192354083
0.200096667
0.208188176
0.216641784
0.225453496
0.23462081
0.244128704
0.253962994
0.2641083
0.274541378
0.285234213
0.296158195
0.307270885
0.318534136
0.329892278
0.341301918
0.352711082
0.364077449
0.375361085
0.386525154
0.397540569
0.408373594
0.418998957
0.429389715
0.439527631
0.449394941
0.458981991
0.468282938
0.477295399
0.486020446
0.494446635
0.50257349
0.510383487
0.517858744
0.524975538
0.53170532
0.538012981
0.543853462
0.549172163
0.553905845
0.55798173
0.561311603
0.563805103
0.565358579
0.565871656
0.565236628
0.563339233
0.560068071
0.555305719
0.548930764
0.540825844
0.530870199
0.51895237
0.504963398
0.48880887
0.470400691
0.449663639
0.426528931
0.400942802
0.372867346
0.34227252
0.309150457
0.273513794
0.235394001
0.194843054
0.151938438
0.106771946
0.0594439507
0.0100808144
-0.0411911011
-0.0942344666
-0.148908615
-0.205061436
-0.262542725
-0.321205616
-0.380911827
-0.441530704
-0.502954006
-0.565087795
-0.627855778
-0.691199303
-0.755069733
-0.819424152
-0.88423872
-0.949492931
-1.0151763
-1.08128452
-1.14783001
-1.21482182
-1.28226662
-1.35016823
-1.41852379
-1.48731136
-1.55650425
-1.62605858
-1.69591999
-1.76603127
-1.83630466
-1.90665817
-1.97697353
-2.04711914
-2.11692905
-2.18622971
-2.25481224
-2.32244492
-2.3888936
-2.45388365
-2.51714706
-2.57838631
-2.63729572
-2.69355965
-2.74685144
-2.79684734
-2.84321928
-2.88565731
-2.92387009
-2.95758533
-2.98655605
-3.01057005
-3.02945471
-3.04306221
-3.05129194
-3.05408525
-3.05143929
-3.04339409
-3.03004885
-3.0115571
-2.98812532
-2.96000767
-2.92751026
-2.89096832
-2.85075688
-2.80726862
-2.76091862
-2.71212769
-2.66132736
-2.60893774
-2.5553689
-2.50100255
-2.44619036
-2.39123964
-2.33641434
-2.28192782
-2.22795081
-2.17460418
-2.12196302
-2.07006502
-2.0189116
-1.96846342
-1.91865444
-1.86939716
-1.82058811
-1.77211392
-1.72386479
-1.67574787
-1.62767422
-1.57958341
-1.53142977
-1.48318863
-1.43486249
-1.38646865
-1.33805001
-1.28967297
-1.24142647
-1.19341695
-1.14576769
-1.09861684
-1.05210304
-1.00637472
-0.961578369
-0.917852998
-0.875334442
-0.834157228
-0.794436812
-0.756283343
-0.719787478
-0.685021281
-0.652018964
-0.620795012
-0.591317534
-0.563522637
-0.53730464
-0.512516558
-0.488979459
-0.466466188
-0.444710016
-0.423409462
-0.402217388
-0.380756378
-0.358607531
-0.335333824
-0.310480595
-0.283578634
-0.254160404
-0.221767426
-0.18595171
-0.146297455
-0.102415085
-0.0539546013
-0.000613689423
0.0578489304
0.121613979
0.190796375
0.265440941
0.345518112
0.43093586
0.521540642
0.617115974
0.717391968
0.822055817
0.930747032
1.04308319
1.15865612
1.2770443
1.39783382
1.52062702
1.64504433
1.7707386
1.8973999
2.02476406
2.15259933
2.28072357
2.40898514
2.53728294
2.66553783
2.79371452
2.92179108
3.04976177
3.17763615
3.30541229
3.43309021
3.56064606
3.68803024
3.81518173
3.94199371
4.0683403
4.19405937
4.31894684
4.44277477
4.56525993
4.68610001
4.80493736
4.92138481
5.03502846
5.14539814
5.25200844
5.35434723
5.45186615
5.54399681
5.63014412
5.70970726
5.78207588
5.84664345
5.90281487
5.95001793
5.9877224
6.01543045
6.03271008
6.03918457
6.03455544
6.01859951
5.99119186
5.95230293
5.90201139
5.84049416
5.76804352
5.6850462
5.59198999
5.48944664
5.37807322
5.25859976
5.13181257
4.99854946
4.85967731
4.7160902
4.56867981
4.41832924
4.26587772
4.11213493
3.95784402
3.80367899
3.6502347
3.49803805
3.34751463
3.19901347
3.05280399
2.90906096
2.76789951
2.62935638
2.49342132
2.36003184
2.22910213
2.10051775
1.97416472
1.84993136
1.72770977
1.60742068
1.48900294
1.37242675
1.25768685
1.14481115
1.03385615
0.924905896
0.81806767
0.713466048
0.611241341
0.511544228
0.414527416
0.320356965
0.229192495
0.141198516
0.0565402508
-0.024623394
-0.102136374
-0.175854683
-0.245647192
-0.311391354
-0.372995853
-0.430384636
-0.483511209
-0.532358408
-0.576944828
-0.617328882
-0.653608322
-0.685926914
-0.7144804
-0.739504814
-0.761291981
-0.780166864
-0.796497822
-0.810689211
-0.823170662
-0.834397793
-0.844832897
-0.854957104
-0.865239143
-0.876140118
-0.888106823
-0.901553631
-0.916862011
-0.93436861
-0.954366684
-0.977090836
-1.00273323
-1.03141403
-1.06320238
-1.09810162
-1.13606119
-1.17696571
-1.22065735
-1.26692247
-1.3155098
-1.36614609
-1.4185276
-1.47234154
-1.52727318
-1.58301163
-1.63926506
-1.69575882
-1.75225353
-1.8085227
-1.86439419
-1.91971922
-1.97438812
-2.0283165
-2.0814538
-2.13377762
-2.18527794
-2.23596668
-2.28586483
-2.33499146
-2.38337994
-2.43104839
-2.47800922
-2.52426434
-2.56979847
-2.6145792
-2.65856266
-2.70167351
-2.74383307
-2.78493786
-2.82487011
-2.8634882
-2.90064526
-2.93616819
-2.96986485
-3.00153065
-3.03094101
-3.0578537
-3.08202171
-3.10318375
-3.12107992
-3.13543415
-3.14599133
-3.15249062
-3.1546936
-3.15236568
-3.14530659
-3.13333726
-3.11632156
-3.09415293
-3.06676865
-3.03415513
-2.99633789
-2.953403
-2.90546131
-2.85269022
-2.79530048
-2.73354363
-2.66770911
-2.59812546
-2.52514052
-2.44912839
-2.37048221
-2.28960061
-2.20689631
-2.12276387
-2.03760719
-1.95180559
-1.86572623
-1.77970338
-1.6940515
-1.60904622
-1.52493596
-1.44192231
-1.36018324
-1.27985477
-1.20103884
-1.12381434
-1.0482254
-0.974296808
-0.902039766
-0.831440687
-0.762480974
-0.695137143
-0.629375935
-0.565176129
-0.502513051
-0.44137454
-0.381757855
-0.323667049
-0.267119169
-0.212131619
-0.158733845
-0.106963158
-0.0568509102
-0.00843822956
0.0382285118
0.0831071138
0.126152515
0.167321444
0.20657146
0.243867397
0.279170394
0.312448859
0.343671441
0.372802377
0.399816871
0.424684048
0.447378397
0.46788156
0.486174822
0.502259135
0.516135931
0.527824998
0.537354112
0.544764876
0.550113201
0.553460658
0.554895043
0.554503202
0.552398443
0.5486902
0.543512166
0.536996126
0.529288113
0.52052784
0.510871172
0.500464439
0.489459455
0.478008151
0.466253221
0.454336286
0.442390978
0.4305439
0.418899298
0.407561421
0.396613121
0.38611728
0.376126111
0.366671175
0.357773691
0.349434137
0.341642767
0.334378511
0.327614665
0.321313798
0.315443039
0.309964001
0.304846168
0.300063252
0.295593798
0.291420341
0.28753978
0.283938646
0.280620098
0.277591765
0.274864972
0.27245456
0.270386577
0.268685699
0.267379522
0.266489506
0.26604414
0.266046286
0.266513348
0.267437696
0.268821239
0.270659566
0.272951126
0.275677681
0.278829098
0.28238678
0.286331177
0.290629864
0.295257092
0.300176144
0.305355072
0.310758114
0.316344738
0.322077274
0.327909946
0.33380127
0.339704037
0.345563889
0.351341248
0.356983185
0.362454414
0.367712498
0.372719765
0.37744379
0.381846428
0.385898113
0.389564037
0.392816544
0.395629883
0.397985458
0.399868011
0.401269913
0.402189732
0.402626991
0.402585983
0.402078152
0.401117325
0.399719715
0.397912979
0.395730495
0.393211365
0.390401363
0.387353897
0.384115219
0.380743504
0.377290487
0.37381506
0.370369911
0.367018223
0.363821268
0.360848904
0.358165741
0.355842113
0.353945017
0.352542162
0.351699114
0.35147953
0.351948142
0.353168488
0.355202913
0.358114004
0.361952066
0.366767049
0.372595191
0.379463315
0.387392402
0.396389484
0.406458914
0.417591929
0.429769337
0.44296664
0.45713532
0.472230911
0.488178134
0.504906893
0.522332668
0.540366173
0.558922172
0.577909648
0.597239912
0.616823792
0.636579871
0.656419873
0.676268637
0.696052909
0.715716958
0.73520565
0.754487038
0.773530483
0.792318702
0.810840786
0.82908082
0.847033799
0.864682138
0.882008076
0.898988426
0.915598154
0.931794941
0.947524369
0.962726235
0.977312207
0.991182208
1.00421405
1.01626563
1.02718425
1.03679109
1.04490077
1.05131197
1.05580342
1.05815053
1.05811
1.05543339
1.04986095
1.04113543
1.02899492
1.01319194
0.993481159
0.969630122
0.941424727
0.908662558
0.871164799
0.828777671
0.781373262
0.72886467
0.671197414
0.608359814
0.540379524
0.467333317
0.38932538
0.306505442
0.219044209
0.127153397
0.031065464
-0.0689675808
-0.172672033
-0.279768944
-0.389968395
-0.502994537
-0.618581772
-0.736477375
-0.856456757
-0.978310108
-1.10186815
-1.22697878
-1.35351419
-1.48137617
-1.61049604
-1.74082422
-1.87231827
-2.00496817
-2.13876724
-2.27370739
-2.40977907
-2.54696083
-2.68522692
-2.82452917
-2.96480656
-3.10597038
-3.24792194
-3.39052486
-3.53362322
-3.67702603
-3.82050943
-3.96380687
-4.10662127
-4.2486167
-4.3894124
-4.52859688
-4.66572285
-4.80031109
-4.93184376
-5.05977869
-5.18353462
-5.30251884
-5.41611385
-5.52370262
-5.62466049
-5.71836948
-5.80423641
-5.88169479
-5.95021343
-6.00930166
-6.05853605
-6.09755135
-6.1260581
-6.14385414
-6.15083599
-6.14699507
-6.13242245
-6.10732269
-6.07199335
-6.02683592
-5.97234535
-5.90910244
-5.83776951
-5.75907707
-5.67380619
-5.58277035
-5.48681307
-5.38676357
-5.28344631
-5.17763948
-5.07007456
-4.96141577
-4.85225248
-4.74309635
-4.63436794
-4.52639008
-4.41940117
-4.31354809
-4.20889282
-4.10541916
-4.00305748
-3.90168858
-3.80115509
-3.70129037
-3.60191178
-3.50285745
-3.40397239
-3.30512857
-3.20623112
-3.1072228
-3.00808239
-2.90883875
-2.80956292
-2.71036673
-2.61140156
-2.51285839
-2.41495299
-2.31793356
-2.22205734
-2.12761164
-2.03488278
-1.94417119
-1.85577416
-1.76999021
-1.6870904
-1.60733879
-1.53096414
-1.45815778
-1.3890723
-1.32380545
-1.26239479
-1.20482254
-1.15099144
-1.10073352
-1.05378866
-1.00981832
-0.96838057
-0.928950667
-0.890914917
-0.853576481
-0.816161096
-0.777829647
-0.737695038
-0.694826245
-0.648261607
-0.597039223
-0.540189743
-0.47678256
-0.405926347
-0.326796055
-0.238647699
-0.140842557
-0.0328514576
0.0857279301
0.215160847
0.355581284
0.506972075
0.669182062
0.841924906
1.02478743
1.21724439
1.41867471
1.62838268
1.84561658
2.06959271
2.29951763
2.53460693
2.77410126
3.01728868
3.26351261
3.51218224
3.76279354
4.01491261
4.26819611
4.52237797
4.77725983
5.03270864
5.28864574
5.5450201
5.80180407
6.05898428
6.31652737
6.5744009
6.83252907
7.09080982
7.34910822
7.60721493
7.86488247
8.12179756
8.37758255
8.6317873
8.88389587
9.13331604
9.37938499
9.62137508
9.85847759
10.0898113
10.3144245
10.531292
10.7393188
10.9373493
11.1241846
11.2985859
11.4592905
11.6050272
11.7345476
11.8466377
11.9401331
12.0139503
12.0671177
12.0987797
12.1082363
12.0949554
12.0585947
11.9990015
11.9162312
11.8105679
11.6824913
11.5327015
11.3621054
11.1717911
10.9630413
10.7372847
10.4960766
10.241086
9.97404957
9.69674301
9.41094208
9.11840343
8.82082558
8.51981354
8.21687412
7.91336823
7.6105094
7.30934954
7.01076317
6.71545792
6.42396832
6.13667154
5.85380793
5.5754962
5.30175018
5.03250885
4.76765537
4.50704002
4.25050259
3.99787569
3.7490263
3.50383759
3.26224184
3.02421832
2.78979158
2.55903149
2.33206081
2.10903358
1.89014876
1.67562687
1.46571803
1.26069617
1.0608511
0.866488993
0.67793411
0.495520175
0.319586873
0.150474638
-0.0114754438
-0.165930867
-0.312577277
-0.451124787
-0.581317902
-0.702942431
-0.815841496
-0.919924021
-1.01517618
-1.10166907
-1.17956579
-1.24912667
-1.31071424
-1.36478078
-1.41188264
-1.45265532
-1.48783207
-1.51820588
-1.54463828
-1.56804764
-1.58937418
-1.60958862
-1.62965763
-1.65054011
-1.67315674
-1.69838834
-1.72704446
-1.75986421
-1.7974869
-1.8404485
-1.88916314
-1.94392014
-2.0048821
-2.0720706
-2.14539838
-2.22464728
-2.30950618
-2.39956856
-2.49435449
-2.59333181
-2.69592643
-2.80154467
-2.90958142
-3.01944804
-3.13058686
-3.24247408
-3.35463715
-3.46666837
-3.57822299
-3.68901706
-3.79883409
-3.90751219
-4.0149374
-4.12104464
-4.22579575
-4.32918692
-4.43122387
-4.53192377
-4.63130999
-4.72939539
-4.82618475
-4.92166901
-5.01581478
-5.10856915
-5.19985199
-5.28956604
-5.37756824
-5.46369362
-5.54774475
-5.62947941
-5.70861816
-5.78484011
-5.85778046
-5.92703438
-5.99215889
-6.05267906
-6.10807753
-6.15782213
-6.20135546
-6.23811531
-6.26753807
-6.28906918
-6.30217648
-6.30636597
-6.30118752
-6.28625107
-6.26122665
-6.22587299
-6.18001747
-6.12358761
-6.05658484
-5.97912884
-5.89141798
-5.79374695
-5.68651199
-5.57019329
-5.44535446
-5.31262493
-5.17270279
-5.02632713
-4.87427473
-4.71734333
-4.55634451
-4.39208221
-4.22535324
-4.05692387
-3.88751721
-3.71781635
-3.54843831
-3.37993646
-3.2128005
-3.04744363
-2.88421273
-2.72338748
-2.56518722
-2.40977263
-2.25726032
-2.10771441
-1.96117842
-1.81765723
-1.67714059
-1.53961337
-1.40505219
-1.27344072
-1.14476967
-1.01903927
-0.896262884
-0.776464939
-0.659677863
-0.545951366
-0.435339391
-0.32790339
-0.223710597
-0.122835219
-0.0253521204
0.0686587095
0.159124374
0.245960355
0.329083622
0.408408463
0.483849049
0.555307269
0.622690558
0.685893238
0.74483335
0.799415827
0.849566817
0.895225525
0.936344385
0.972905099
1.00489628
1.0323478
1.05530334
1.07384133
1.08805871
1.0980916
1.10409641
1.10625803
1.10478389
1.09990275
1.09186625
1.08093643
1.06739736
1.05154455
1.03368759
1.01413655
0.993210793
0.971226931
0.948494792
0.925309002
0.901939094
0.878642678
0.855638742
0.833124995
0.81125927
0.790174484
0.769973636
0.750722766
0.732465148
0.71521163
0.698950768
0.683651805
0.669265747
0.655743122
0.643021941
0.631047249
0.619764328
0.609126806
0.599100113
0.589653492
0.580775261
0.572457552
0.564712524
0.557560921
0.551030874
0.545160294
0.539989233
0.535557508
0.531903982
0.529056072
0.527050495
0.525911331
0.525660992
0.526323318
0.527911186
0.530438423
0.53390789
0.53831625
0.543641567
0.549863815
0.556945324
0.56484127
0.57349968
0.582858086
0.592846394
0.603386879
0.614398956
0.625789165
0.637458324
0.649308205
0.661234856
0.673135281
0.684911251
0.696463585
0.7076931
0.718505859
0.728808403
0.738506794
0.747507572
0.755727768
0.763085365
0.769506454
0.774926186
0.779299736
0.782571316
0.784715652
0.785699844
0.785512924
0.784148216
0.781619549
0.777947903
0.773174763
0.767351627
0.760546207
0.752837181
0.744306564
0.735050678
0.72516489
0.71475029
0.703928471
0.692813396
0.68153429
0.670222759
0.659016609
0.648050308
0.637459278
0.627369165
0.617913961
0.609213829
0.601400614
0.594591379
0.588911057
0.584469795
0.581380844
0.579729795
0.579609752
0.581089735
0.58422935
0.589072466
0.595659971
0.604008496
0.614135504
0.626021028
0.639650822
0.654975295
0.671932101
0.690443516
0.710416138
0.731745958
0.75431484
0.778001308
0.802675128
0.828201175
0.854439497
0.88126123
0.908526778
0.936120987
0.96393168
0.991861463
1.01983774
1.04779375
1.07568038
1.10345674
1.13109648
1.15857112
1.18586576
1.21295416
1.23982096
1.26644397
1.29279625
1.31883693
1.34450674
1.36973429
1.39441848
1.41843379
1.44162786
1.46382439
1.48481953
1.50438643
1.52227008
1.53819215
1.55184686
1.56290007
1.57099819
1.57576537
1.57680988
1.57372928
1.56612349
1.55358243
1.53570533
1.51210129
1.48239684
1.44623208
1.40327835
1.35324407
1.29587674
1.2309804
1.1584115
1.0780797
0.98995316
0.894068122
0.790512323
0.679423332
0.561007857
0.435513377
0.303236246
0.164515018
0.0197203159
-0.130757809
-0.286519885
-0.447158933
-0.61228776
-0.78153336
-0.954544663
-1.13100481
-1.31062806
-1.49316597
-1.67839706
-1.86615145
-2.0562861
-2.24869633
-2.44330621
-2.64005423
-2.83890915
-3.0398345
-3.24280715
-3.44779158
-3.65474224
-3.8636055
-4.0743022
-4.28674221
-4.50079346
-4.71630287
-4.93307304
-5.15086365
-5.36938906
-5.58830833
-5.80724192
-6.02574968
-6.24334002
-6.45947218
-6.67354202
-6.88489532
-7.09281492
-7.29652691
-7.49520683
-7.68798828
-7.87396431
-8.05221653
-8.22178841
-8.38173866
-8.53113079
-8.66904354
-8.79459381
-8.90694046
-9.00531864
-9.08903694
-9.1575098
-9.21026802
-9.2469635
-9.26739502
-9.27150345
-9.25938034
-9.23128223
-9.18761635
-9.1289463
-9.05598831
-8.96958542
-8.87071609
-8.76044846
-8.63993931
-8.51039696
-8.37305069
-8.2291317
-8.07984447
-7.92634583
-7.76971436
-7.61093235
-7.450881
-7.29031086
-7.12984276
-6.96995831
-6.81101561
-6.653234
-6.49672794
-6.34151649
-6.18752766
-6.03464079
-5.88267946
-5.73144627
-5.58073282
-5.43033314
-5.28005648
-5.12975073
-4.97929859
-4.8286376
-4.67775726
-4.52671003
-4.37560511
-4.22460413
-4.07392454
-3.92383313
-3.77463961
-3.62669563
-3.48039222
-3.33614659
-3.19440818
-3.05563211
-2.92029071
-2.78884792
-2.66175365
-2.53943634
-2.42228556
-2.31064725
-2.20480633
-2.10497522
-2.01128268
-1.92375302
-1.84230173
-1.76671863
-1.69666553
-1.6316638
-1.57110143
-1.5142231
-1.46014643
-1.40785491
-1.35621119
-1.30396676
-1.24978256
-1.19224524
-1.1298821
-1.06120265
-0.984714746
-0.898969293
-0.802573085
-0.694237947
-0.572796345
-0.437228799
-0.286687016
-0.120510936
0.0617594719
0.260367632
0.475344419
0.706513643
0.953490973
1.21570516
1.49242401
1.78277516
2.08577776
2.40037084
2.72544384
3.05987144
3.40254116
3.75238132
4.10838413
4.4696269
4.83528233
5.20464993
5.57712555
5.95222521
6.32956123
6.70884132
7.08984852
7.47242641
7.85646534
8.24188995
8.62863541
9.01664162
9.40582275
9.79606724
10.1872158
10.5790548
10.9712992
11.3636045
11.7555408
12.146595
12.5361729
12.9235764
13.3080044
13.6885471
14.0641689
14.4337111
14.7958889
15.1492853
15.4923697
15.8234882
16.1408939
16.4427376
16.7271099
16.9920559
17.2355881
17.45574
17.6505661
17.8182087
17.9569244
18.0651131
18.1413517
18.184454
18.19347
18.1677361
18.1068764
18.0108318
17.8798676
17.7145805
17.5159016
17.2850761
17.0236702
16.7335262
16.4167347
16.0755882
15.7125635
15.3302212
14.9312057
14.5181704
14.0937309
13.660429
13.2206745
12.7767105
12.3305836
11.8841057
11.4388409
10.9961033
10.5569572
10.1222286
9.69252491
9.26827145
8.84972382
8.43699646
8.03009987
7.62896729
7.2334795
6.84349775
6.45888042
6.07951164
5.70531464
5.33625078
4.97233295
4.61362267
4.26022911
3.91230774
3.57005954
3.23373032
2.90361309
2.58004332
2.26340675
1.95412016
1.65264511
1.35947776
1.07514012
0.80017674
0.535157084
0.280654043
0.0372423828
-0.194521517
-0.414113939
-0.621070802
-0.814992547
-0.995577335
-1.16262794
-1.31606579
-1.45593977
-1.58243394
-1.69587326
-1.79672861
-1.88561225
-1.96329117
-2.0306673
-2.0887897
-2.13882685
-2.18206453
-2.219872
-2.25369692
-2.28501987
-2.31534767
-2.34616446
-2.37892771
-2.41501141
-2.45570898
-2.50217938
-2.55543852
-2.61633158
-2.68552685
-2.76349235
-2.85050535
-2.94665003
-3.05182934
-3.16577411
-3.28806019
-3.41812897
-3.55530691
-3.6988349
-3.84790277
-4.00165367
-4.1592474
-4.31985378
-4.4827013
-4.64706755
-4.81231117
-4.97785854
-5.14322615
-5.3079977
-5.47184324
-5.63449383
-5.79575443
-5.95548439
-6.11358833
-6.27001953
-6.42475319
-6.57777786
-6.72909355
-6.8786974
-7.02658653
-7.17273331
-7.31711531
-7.45967197
-7.60033321
-7.73897934
-7.87546396
-8.00958252
-8.14107418
-8.26960564
-8.39478683
-8.51615715
-8.63318634
-8.74526787
-8.8517437
-8.95189095
-9.04493141
-9.13004494
-9.20635891
-9.27300072
-9.32907391
-9.37371063
-9.40605927
-9.42532921
-9.43079185
-9.42178822
-9.39776993
-9.35828972
-9.30301285
-9.23175621
-9.14446259
-9.04123306
-8.92232132
-8.78812599
-8.6391964
-8.47621536
-8.29998112
-8.11141014
-7.91151428
-7.70137405
-7.48214054
-7.25500059
-7.02116919
-6.78184891
-6.53822184
-6.29143047
-6.04254913
-5.79257393
-5.54242229
-5.29290771
-5.04475784
-4.79859447
-4.55494928
-4.3142519
-4.07684994
-3.84300733
-3.61292195
-3.38672495
-3.16451097
-2.94634104
-2.73225117
-2.52227569
-2.31644058
-2.11476851
-1.91729522
-1.72404969
-1.53507495
-1.35041595
-1.17012966
-0.994280219
-0.822939754
-0.656190872
-0.494121909
-0.336830139
-0.184417367
-0.0369936228
0.10532248
0.242399693
0.374087453
0.500231087
0.620655179
0.735178113
0.843616486
0.945785642
1.04151654
1.13065207
1.21305788
1.28861511
1.35724151
1.41887534
1.47349334
1.52109766
1.56174302
1.59550798
1.62252688
1.64297009
1.65704942
1.66502213
1.66717911
1.66385615
1.6554234
1.64228439
1.62487698
1.60366499
1.57913232
1.55176294
1.52205706
1.49049258
1.45753717
1.42363214
1.3891933
1.35460472
1.32021081
1.28631318
1.25317574
1.22100246
1.18995523
1.1601361
1.1316154
1.10441184
1.07852077
1.05390584
1.03052545
1.0083226
0.987240076
0.967219591
0.948206186
0.930151463
0.913020611
0.896780014
0.881420135
0.866941452
0.853363752
0.840703964
0.829007149
0.818308353
0.808653355
0.800086498
0.792654991
0.786412239
0.781412601
0.777709484
0.7753582
0.774412155
0.774916172
0.776901722
0.780390263
0.785380363
0.791865349
0.799815655
0.809188843
0.819934845
0.831986427
0.84526062
0.859654427
0.875062943
0.891356468
0.908397675
0.926037788
0.944135666
0.962538719
0.981089592
0.999650002
1.01804829
1.03613281
1.05374146
1.07070827
1.08687019
1.10208035
1.11618423
1.12905312
1.14055729
1.15058517
1.15903378
1.16581059
1.17083836
1.17405224
1.17541409
1.17489243
1.17249966
1.16824722
1.16218376
1.15436602
1.14486265
1.1337719
1.12119102
1.10724831
1.09207964
1.0758419
1.05871058
1.04086924
1.02250385
1.00381374
0.984990597
0.966231346
0.947734356
0.929700851
0.912328243
0.895823956
0.880379915
0.866191149
0.853436947
0.842275858
0.832854748
0.8253088
0.819756269
0.816316366
0.815083504
0.816152334
0.819590211
0.825446963
0.833746672
0.844486475
0.857634425
0.873136878
0.890921712
0.910898924
0.932959199
0.956978858
0.9828192
1.01031661
1.03930748
1.06960726
1.10104012
1.13343501
1.16663098
1.20048833
1.23488522
1.2697072
1.30486357
1.34027171
1.37585664
1.41155648
1.4473294
1.48314106
1.51897836
1.55482209
1.59066927
1.62649763
1.66227102
1.69793451
1.7334094
1.76858795
1.80334544
1.83753049
1.87096632
1.90344512
1.93472159
1.96450245
1.99245918
2.01821089
2.04133701
2.06138754
2.07788277
2.09031868
2.098171
2.1009059
2.09796238
2.08877683
2.07277322
2.04938936
2.018085
1.97834969
1.92972517
1.87180138
1.80423701
1.72674632
1.63910913
1.54117155
1.43285489
1.31416202
1.18517566
1.04606819
0.897090912
0.738575459
0.570912123
0.394528627
0.209882736
0.0174565315
-0.182263374
-0.388798714
-0.601667404
-0.820402145
-1.04456377
-1.27374458
-1.50757837
-1.74574804
-1.98800015
-2.23411918
-2.48394299
-2.73733497
-2.99418902
-3.25440884
-3.51791883
-3.78464031
-4.0545187
-4.32749653
-4.60351896
-4.88251877
-5.16439915
-5.44904852
-5.73629427
-6.02592516
-6.31768274
-6.61125135
-6.90627432
-7.20234632
-7.49899197
-7.79567862
-8.09178925
-8.38661861
-8.67936897
-8.96916199
-9.25502205
-9.53591537
-9.81074142
-10.0783463
-10.3375359
-10.5870724
-10.8256845
-11.0520782
-11.2649517
-11.4630089
-11.6450005
-11.8097382
-11.956131
-12.0831995
-12.1901035
-12.2761536
-12.3408117
-12.3837261
-12.4047337
-12.4038677
-12.3813896
-12.3377895
-12.2737751
-12.1902723
-12.0883951
-11.9694157
-11.8347416
-11.685874
-11.5243673
-11.3518229
-11.1698418
-10.9799938
-10.7837944
-10.5826607
-10.3778982
-10.1706467
-9.96189213
-9.75244045
-9.54292965
-9.33384037
-9.12550545
-8.91813278
-8.71181774
-8.50654793
-8.30224037
-8.0987339
-7.895823
-7.69327736
-7.49087048
-7.28839731
-7.08570337
-6.88267517
-6.67926979
-6.47550011
-6.27142954
-6.06718969
-5.86296558
-5.65900517
-5.45563126
-5.25324345
-5.05230808
-4.85336208
-4.65699244
-4.46382236
-4.27450037
-4.089674
-3.91000175
-3.73612261
-3.56865835
-3.40819478
-3.25527191
-3.11035872
-2.97382164
-2.84591341
-2.72674084
-2.6162653
-2.51427746
-2.42040014
-2.3340764
-2.25456524
-2.18093514
-2.11206055
-2.04661942
-1.98310566
-1.91983724
-1.85500646
-1.78667808
-1.71286011
-1.63152337
-1.54063845
-1.43823087
-1.32239306
-1.19133389
-1.04341912
-0.877206326
-0.691473722
-0.48526907
-0.257915735
-0.00903153419
0.261476755
0.553417206
0.866338253
1.19955492
1.55217123
1.9231205
2.31118584
2.7150507
3.13332701
3.56460547
4.00748825
4.46064377
4.92281723
5.3928771
5.86980677
6.35272312
6.84087276
7.33362007
7.83044147
8.33092117
8.83472824
9.34161186
9.85138798
10.3639116
10.8790655
11.3967342
11.91679
12.4390678
12.9633675
13.4894381
14.0169687
14.5455742
15.0747929
15.6040525
16.1326714
16.6598206
17.184536
17.7056618
18.2218895
18.7317295
19.2335091
19.7253799
20.2053204
20.6711349
21.1204605
21.5508003
21.9595318
22.3439445
22.7012806
23.02878
23.3237343
23.583519
23.8056545
23.9878311
24.1279755
24.2242813
24.2752647
24.2798061
24.2371883
24.1471443
24.0098515
23.8259544
23.5965652
23.3232422
23.0079422
22.6530304
22.2611885
21.8354149
21.3789253
20.8951111
20.3874645
19.8595047
19.3146896
18.7563667
18.1876926
17.6116123
17.0307808
16.4475765
15.8640728
15.2820396
14.7029314
14.1279335
13.5579443
12.9936323
12.4354506
11.8836823
11.33848
10.7999039
10.2679558
9.7426033
9.22380447
8.7115202
8.20572853
7.70642185
7.213624
6.72740364
6.24786234
5.7751627
5.3095274
4.85124874
4.40068817
3.95827365
3.52450418
3.09994745
2.6852386
2.28107572
1.88821411
1.50745678
1.1396364
0.785606861
0.446207047
0.122246087
-0.185517728
-0.476405263
-0.749815106
-1.00526941
-1.24240255
-1.46099401
-1.66098857
-1.84250164
-2.00585389
-2.1515727
-2.28041101
-2.39332867
-2.49150705
-2.57631493
-2.64930773
-2.71218634
-2.76679659
-2.81507921
-2.85905218
-2.90076876
-2.94228148
-2.9855988
-3.03263664
-3.08517647
-3.14482665
-3.21298575
-3.29083085
-3.37928677
-3.47902298
-3.5904541
-3.71373749
-3.84878778
-3.99529409
-4.1527338
-4.32041454
-4.49750471
-4.68306303
-4.876091
-5.07555485
-5.2804265
-5.48970318
-5.70242834
-5.91771412
-6.13474417
-6.35278177
-6.57118273
-6.78939056
-7.00694418
-7.22346878
-7.43866682
-7.65230799
-7.86422634
-8.07430553
-8.28246021
-8.4886446
-8.69284153
-8.8950491
-9.09528351
-9.29356194
-9.48989487
-9.68426037
-9.87660599
-10.0668278
-10.2547541
-10.4401512
-10.6226997
-10.8020058
-10.9775848
-11.1488543
-11.315136
-11.4756451
-11.6294994
-11.7757111
-11.9132118
-12.0408707
-12.1574936
-12.2618675
-12.3527565
-12.4289436
-12.489234
-12.532485
-12.5576401
-12.5637169
-12.5498772
-12.5154333
-12.4598503
-12.3827915
-12.2841148
-12.1638746
-12.0223427
-11.8599777
-11.6774445
-11.4755955
-11.2554464
-11.0181942
-10.7651587
-10.4977703
-10.217557
-9.92608547
-9.62495613
-9.31575298
-9.00002289
-8.67926598
-8.35489082
-8.02821827
-7.7004571
-7.37269878
-7.04590321
-6.72090816
-6.39841652
-6.07901669
-5.76318598
-5.45131683
-5.14371061
-4.84061575
-4.54222822
-4.24870872
-3.96017885
-3.67674255
-3.39848351
-3.12547112
-2.85776639
-2.59543467
-2.3385253
-2.08710766
-1.84124398
-1.60100579
-1.36646473
-1.13771069
-0.914834142
-0.697961092
-0.487215996
-0.282772958
-0.0848163962
0.106434703
0.290742993
0.467857778
0.637516141
0.799462318
0.953430831
1.09916878
1.23643136
1.36498642
1.48460948
1.59511447
1.69633102
1.78813601
1.87044573
1.94322896
2.00650692
2.06035614
2.10491109
2.14036202
2.16696239
2.18502021
2.19491863
2.19708967
2.19202948
2.18027782
2.16242957
2.13910151
2.11093855
2.07859707
2.04273796
2.00401473
1.9630661
1.92049921
1.87688518
1.83274198
1.78853047
1.74464917
1.70142889
1.65913594
1.61797476
1.57809353
1.53959429
1.50253475
1.46694148
1.43280911
1.40011418
1.36881399
1.33885682
1.31019282
1.28277349
1.25655997
1.23152041
1.20763588
1.18490052
1.16331911
1.14289856
1.12366247
1.10565114
1.08890963
1.0735054
1.05951357
1.04702568
1.03613329
1.02693462
1.01952267
1.0139823
1.01038837
1.00880861
1.00929928
1.01189804
1.01663637
1.02351665
1.03252268
1.04361391
1.05671597
1.0717411
1.08857679
1.10709333
1.12715721
1.14861059
1.1712985
1.19504309
1.21965218
1.2449255
1.27064323
1.29658031
1.32251453
1.34820461
1.37343788
1.39798594
1.42163181
1.4441576
1.46535206
1.48500967
1.50293112
1.51893044
1.53284359
1.54453278
1.55387783
1.56078291
1.56518221
1.5670228
1.56628609
1.56296635
1.5570879
1.54870272
1.53789806
1.52476978
1.50946665
1.49213982
1.4729743
1.45216322
1.42991924
1.40646887
1.38205099
1.35691833
1.33134079
1.30557656
1.2799089
1.25459862
1.22991085
1.20609546
1.18339038
1.16202784
1.14223349
1.12422037
1.10820401
1.09437954
1.08293533
1.07403827
1.06783473
1.06444597
1.06396294
1.06645286
1.0719614
1.08050394
1.0920701
1.10662484
1.1240977
1.14438999
1.16737509
1.19289303
1.22077465
1.25082767
1.28285742
1.31667018
1.35207736
1.38889217
1.42694378
1.46606088
1.50609493
1.54691005
1.58839059
1.63044238
1.67299604
1.71600556
1.75943685
1.80326676
1.84747982
1.89205194
1.93696117
1.98217344
2.0276475
2.0733304
2.11915135
2.1650126
2.21078968
2.25631595
2.30137825
2.34571409
2.38900948
2.43089867
2.47096872
2.50875235
2.5437448
2.5753932
2.60309982
2.62622547
2.64409113
2.65599322
2.66120243
2.65898085
2.64859295
2.62932301
2.60047579
2.56138992
2.51145911
2.45012283
2.376899
2.29137897
2.1932466
2.0822854
1.95838058
1.82152617
1.67181945
1.50945234
1.33470213
1.14793277
0.949566364
0.740086317
0.520024061
0.289936304
0.0504016876
-0.198000669
-0.454705238
-0.719170094
-0.990900755
-1.2694416
-1.55439091
-1.84538937
-2.14212775
-2.44433141
-2.75177431
-3.06425571
-3.38161755
-3.70372367
-4.03046751
-4.36176348
-4.69753122
-5.03769779
-5.38217926
-5.73087072
-6.08366013
-6.44038486
-6.80086708
-7.1648798
-7.53215218
-7.90234947
-8.27507305
-8.64983559
-9.02607346
-9.40312004
-9.7802
-10.156455
-10.5309153
-10.9025192
-11.2701092
-11.6324196
-11.9881001
-12.3357143
-12.6737394
-13.0005865
-13.3146124
-13.6141624
-13.897562
-14.1631565
-14.4093456
-14.6345768
-14.8374052
-15.0164967
-15.1706705
-15.2989235
-15.4004726
-15.4747686
-15.5215435
-15.5407906
-15.5327988
-15.4981279
-15.4376202
-15.352354
-15.2436409
-15.112999
-14.9621124
-14.7927999
-14.6069679
-14.4065847
-14.1935987
-13.9699306
-13.7373991
-13.4977036
-13.2524052
-13.0028877
-12.75035
-12.4958229
-12.24014
-11.9839554
-11.7277575
-11.4718628
-11.2164497
-10.9615746
-10.7071981
-10.4532108
-10.1994505
-9.94573593
-9.69187737
-9.4376936
-9.18302631
-8.92774487
-8.67177105
-8.41508961
-8.15775967
-7.89991951
-7.64180994
-7.38376045
-7.12619543
-6.86962891
-6.614645
-6.36190224
-6.11211443
-5.8660512
-5.62452221
-5.38837337
-5.15847588
-4.93570137
-4.72090435
-4.51490259
-4.31844139
-4.13218069
-3.95666409
-3.79229641
-3.63932514
-3.49782038
-3.36765385
-3.24847269
-3.13968801
-3.040452
-2.94966078
-2.86594462
-2.78767872
-2.71300435
-2.63984442
-2.56594443
-2.48889637
-2.40618086
-2.31521893
-2.21341467
-2.09820509
-1.96712518
-1.81785965
-1.64830124
-1.45659316
-1.24117494
-1.00080347
-0.734588385
-0.44198072
-0.122789621
0.222846508
0.594456673
0.991277456
1.41228366
1.85623801
2.3217268
2.80722284
3.31113625
3.8318553
4.36780405
4.91746759
5.47941637
6.05233812
6.63503361
7.22644615
7.82563639
8.43181229
9.04429722
9.6625452
10.2861042
10.9146261
11.5478201
12.1854572
12.8273439
13.4732952
14.1231489
14.7767286
15.433835
16.0942402
16.7576504
17.4236984
18.0919113
18.7616882
19.4322758
20.1027489
20.7719879
21.4386711
22.1012573
22.7579765
23.4068165
24.0455208
24.671587
25.2822762
25.87463
26.4454765
26.991497
27.5092411
27.9951668
28.4457016
28.8572903
29.2264557
29.5498657
29.824379
30.0471439
30.2156467
30.327774
30.3818855
30.3768616
30.3121185
30.1876831
30.0041542
29.7627449
29.465229
29.1139431
28.7117157
28.2618446
27.7679691
27.2340431
26.6642189
26.062748
25.4339161
24.7819252
24.1108475
23.42453
22.7265549
22.020195
21.3083878
20.593708
19.8783779
19.1642742
18.4529419
17.7456341
17.0433331
16.3468056
15.6566191
14.9731922
14.2968121
13.6276722
12.9658813
12.3114967
11.6645288
11.0249815
10.392849
9.76815796
9.15097618
8.54142284
7.93968582
7.34604073
6.76084614
6.18455029
5.61769485
5.06092119
4.51495838
3.98062992
3.45884514
2.95058227
2.45688057
1.97882104
1.51751471
1.07406998
0.649578631
0.245093077
-0.13840723
-0.500030518
-0.839016855
-1.15476489
-1.44684994
-1.71506071
-1.9594276
-2.18023396
-2.3780303
-2.55364513
-2.70819283
-2.84306121
-2.95991349
-3.06066203
-3.1474452
-3.22259784
-3.28860617
-3.34805655
-3.40358329
-3.45780802
-3.5132966
-3.57248592
-3.63764143
-3.71081591
-3.79380608
-3.88811994
-3.99496174
-4.11520576
-4.24941349
-4.39782095
-4.56037331
-4.7367382
-4.92636156
-5.12847948
-5.34218025
-5.56642962
-5.80012894
-6.04211903
-6.29123974
-6.5463357
-6.80629587
-7.07006359
-7.33665848
-7.60518932
-7.87485456
-8.14495373
-8.41488647
-8.68413448
-8.95228004
-9.21898746
-9.48399639
-9.7471199
-10.0082426
-10.2673025
-10.5242882
-10.7792206
-11.0321407
-11.2831039
-11.5321465
-11.7792797
-12.0244846
-12.2676849
-12.5087395
-12.7474165
-12.9833965
-13.2162361
-13.4453735
-13.6701183
-13.8896294
-14.1029434
-14.3089581
-14.5064507
-14.6940784
-14.8704205
-15.0339489
-15.1830959
-15.3162441
-15.431778
-15.5281029
-15.6036797
-15.6570702
-15.6869583
-15.6921816
-15.6717691
-15.6249542
-15.551199
-15.4502182
-15.321969
-15.1666861
-14.9848728
-14.7772865
-14.5449324
-14.2890615
-14.011116
-13.7127104
-13.3956003
-13.0616426
-12.7127609
-12.3508949
-11.977994
-11.5959539
-11.2066116
-10.8116932
-10.412817
-10.0114574
-9.60894585
-9.20645714
-8.80502987
-8.40556908
-8.00884056
-7.61552
-7.22616673
-6.84126568
-6.46122074
-6.08636379
-5.71696806
-5.35325813
-4.99540806
-4.64356232
-4.29783392
-3.95831513
-3.62508225
-3.29820108
-2.97773337
-2.66374707
-2.35630894
-2.05551147
-1.7614665
-1.47431302
-1.1942246
-0.921404362
-0.656082869
-0.398521423
-0.14900136
0.0921738148
0.324685335
0.548192739
0.762343764
0.966778159
1.16112399
1.3450253
1.51812816
1.68011308
1.83068764
1.96960831
2.09666395
2.21171093
2.31465101
2.40545535
2.48415899
2.55087638
2.60580206
2.64921784
2.68149042
2.70308256
2.71452618
2.71644139
2.70950198
2.69444895
2.67206025
2.64315319
2.60855961
2.56911683
2.52564502
2.47894263
2.42975688
2.3787837
2.32664728
2.27390504
2.22104406
2.16847539
2.11654568
2.06553698
2.01567531
1.96712339
1.91999507
1.87436533
1.83026302
1.78769565
1.7466408
1.70707393
1.66895628
1.63225245
1.59692621
1.56294775
1.53029323
1.49894714
1.46890545
1.44018412
1.41281605
1.38686609
1.36240864
1.33955336
1.31841326
1.29912186
1.28181314
1.26662159
1.25367832
1.24311256
1.23503685
1.22956181
1.22677803
1.226758
1.22955036
1.23517323
1.24362564
1.25486851
1.26883411
1.28544044
1.30457115
1.326087
1.34984016
1.3756485
1.40331078
1.43260574
1.46329308
1.49512196
1.52781963
1.56110764
1.5947094
1.62833691
1.66170406
1.69451904
1.72648335
1.75731277
1.78671074
1.81440735
1.84013748
1.86365891
1.88475037
1.90322018
1.91888428
1.93160057
1.94123363
1.9476862
1.9508791
1.9507761
1.94736862
1.94069767
1.93082905
1.91788197
1.90199566
1.88335133
1.86214161
1.83860207
1.81297779
1.78555107
1.75659847
1.72643471
1.69537449
1.66372776
1.6318202
1.59997416
1.56849718
1.53770113
1.50788784
1.47935724
1.45240068
1.42730618
1.40433979
1.38376141
1.36580753
1.35069227
1.33861089
1.32972646
1.3241818
1.32208467
1.32351875
1.32852602
1.33711863
1.34926796
1.36490166
1.38391674
1.40617633
1.43151307
1.45974612
1.49067998
1.52410388
1.55981314
1.59759879
1.63725376
1.67858458
1.72140312
1.76554227
1.81085753
1.85722101
1.90453768
1.95272934
2.00173879
2.05152464
2.10206509
2.15334463
2.20535183
2.25808096
2.31152415
2.36566782
2.42046952
2.47587371
2.5317831
2.58805704
2.64450955
2.70089912
2.75693369
2.81226373
2.86648083
2.91911411
2.96963429
3.01744342
3.06188035
3.10221767
3.13767815
3.16743112
3.19061232
3.20632744
3.21367693
3.21174932
3.19965577
3.17652392
3.14152527
3.09388494
3.03289366
2.95793867
2.86850238
2.7641778
2.6446805
2.50985074
2.35964012
2.1941309
2.01350498
1.81805372
1.60815954
1.38428307
1.14695358
0.896742821
0.634260654
0.360126495
0.0749516487
-0.220656872
-0.526127338
-0.840925694
-1.1645422
-1.49651861
-1.83643389
-2.1839118
-2.5386157
-2.90025997
-3.26859474
-3.64342117
-4.02457333
-4.41191006
-4.80531693
-5.20468998
-5.60993481
-6.02095032
-6.43763733
-6.85987377
-7.28752041
-7.72039461
-8.1582756
-8.60086823
-9.04780769
-9.49864101
-9.95281792
-10.4096861
-10.8684845
-11.3283386
-11.788269
-12.2471609
-12.703784
-13.1567764
-13.6046476
-14.0457859
-14.4784565
-14.9008255
-15.3109713
-15.7068977
-16.0865555
-16.4478683
-16.7887516
-17.1071625
-17.4011135
-17.6687298
-17.9082851
-18.1182442
-18.2973099
-18.4444504
-18.5589314
-18.6403351
-18.6885757
-18.7039108
-18.6869221
-18.6385269
-18.5599442
-18.4526901
-18.3185139
-18.1593723
-17.977375
-17.7747345
-17.5536995
-17.3165092
-17.0653534
-16.8023243
-16.5293884
-16.2483559
-15.9608793
-15.6684113
-15.3722057
-15.0733128
-14.7725859
-14.4706831
-14.1680679
-13.8650579
-13.5618267
-13.2584305
-12.9548302
-12.6509228
-12.3465462
-12.0415154
-11.7356434
-11.4287472
-11.1206913
-10.8113976
-10.500865
-10.1891823
-9.8765316
-9.5632
-9.24957085
-8.93612099
-8.62343121
-8.31218052
-8.0031414
-7.69717789
-7.39523888
-7.09834194
-6.80756283
-6.52400398
-6.2487793
-5.98298836
-5.72768497
-5.48386908
-5.25244522
-5.03420639
-4.82979107
-4.63965607
-4.46404839
-4.30295277
-4.15607595
-4.02281904
-3.90226054
-3.79315424
-3.69393182
-3.60270476
-3.51728392
-3.4352107
-3.35377192
-3.27005482
-3.18099141
-3.08342218
-2.97415638
-2.85005856
-2.70811152
-2.54548812
-2.3596108
-2.14820814
-1.90935302
-1.64149714
-1.34349477
-1.01461029
-0.654522359
-0.263308406
0.158572555
0.610333383
1.09088075
1.59889555
2.13287401
2.69119
3.27214408
3.87401152
4.49507952
5.13367939
5.7882185
6.45720005
7.13924742
7.83311081
8.53768635
9.25200462
9.97523499
10.7066746
11.4457264
12.1919069
12.9448109
13.7041178
14.4695749
15.2409859
16.0181923
16.801054
17.5894203
18.3831062
19.1818619
19.9853363
20.7930679
21.6044388
22.4186726
23.2347908
24.0515957
24.8676529
25.681242
26.4903545
27.2926769
28.0855713
28.8660927
29.6309853
30.3767128
31.099472
31.7952309
32.4597626
33.0886993
33.6775818
34.2219238
34.7173004
35.1594162
35.5442276
35.8679962
36.1274109
36.3196449
36.4424591
36.494236
36.474041
36.3816528
36.217598
35.9831161
35.6802025
35.3115044
34.8802948
34.3903885
33.8460388
33.2518311
32.6125832
31.9332123
31.2186604
30.4737778
29.7032661
28.9115791
28.1028919
27.2810516
26.449543
25.6114864
24.7696152
23.9263134
23.0836143
22.2432251
21.4065628
20.5747719
19.7487602
18.9292221
18.1166573
17.3114128
16.5137234
15.7237186
14.9414787
14.1670532
13.4005013
12.6418915
11.8913469
11.1490335
10.4151897
9.69014072
8.97430038
8.26819134
7.57245636
6.88786077
6.2152853
5.55573988
4.91033459
4.28027487
3.66684818
3.07140017
2.49533057
1.94006407
1.40702319
0.89760536
0.413157701
-0.0450841188
-0.476021409
-0.878737211
-1.25253451
-1.59698343
-1.91193724
-2.19757342
-2.45439982
-2.68328905
-2.88547611
-3.06256247
-3.216506
-3.34959793
-3.464432
-3.56384945
-3.6508832
-3.72868919
-3.8004837
-3.86945486
-3.93871999
-4.01123714
-4.08975697
-4.17677307
-4.27445889
-4.38466406
-4.50885725
-4.648139
-4.80323219
-4.97450399
-5.16199255
-5.36543846
-5.58432007
-5.81790066
-6.06525326
-6.32531023
-6.5968914
-6.87874985
-7.16959667
-7.46814442
-7.77313662
-8.08336639
-8.39770317
-8.71509647
-9.03459167
-9.35533142
-9.67654991
-9.99759007
-10.3178978
-10.6370268
-10.9546299
-11.2704668
-11.5843849
-11.8963137
-12.2062359
-12.5141907
-12.8202448
-13.1244774
-13.4269714
-13.7277946
-14.0269833
-14.3245182
-14.6203022
-14.9141407
-15.2057171
-15.4945736
-15.7800846
-16.0614777
-16.337801
-16.607935
-16.8705883
-17.1243153
-17.3675117
-17.5984402
-17.8152351
-18.015934
-18.1985245
-18.3609657
-18.5012398
-18.617384
-18.707552
-18.770031
-18.8032951
-18.8060303
-18.7771778
-18.7159424
-18.6218548
-18.4947567
-18.3348293
-18.1425896
-17.9188843
-17.6648712
-17.381979
-17.0718861
-16.7364674
-16.3777733
-15.9979563
-15.5992651
-15.1839609
-14.7542992
-14.3124838
-13.8606319
-13.4007339
-12.9346609
-12.4641285
-11.9907188
-11.5158558
-11.0408335
-10.5668068
-10.0947981
-9.62571335
-9.16032982
-8.69930935
-8.24321556
-7.79250717
-7.3475728
-6.90872669
-6.47622395
-6.05027008
-5.63104296
-5.2186718
-4.81327438
-4.41493845
-4.02375126
-3.63979793
-3.26317334
-2.89399362
-2.53240108
-2.17857575
-1.83272946
-1.49510932
-1.16599464
-0.84570837
-0.534589767
-0.233023167
0.0585849285
0.339798093
0.610155106
0.869187355
1.11641288
1.35135555
1.57354975
1.78255355
1.97795343
2.15937877
2.32650375
2.47906089
2.61685562
2.73977566
2.84780407
2.9410305
3.01965594
3.0839963
3.13447857
3.1716466
3.19613647
3.2086854
3.21010685
3.20128965
3.18317413
3.1567421
3.12298608
3.08289599
3.03743362
2.98751783
2.9340167
2.87773108
2.81939363
2.7596755
2.69917059
2.63840103
2.57781696
2.51779532
2.45864105
2.40058446
2.34380674
2.28842163
2.23451591
2.182127
2.13127494
2.08195758
2.03415108
1.98782468
1.94293821
1.89945066
1.85733414
1.8165791
1.77719784
1.73923588
1.70275831
1.66785693
1.63465738
1.60327864
1.57387495
1.54659557
1.52160931
1.4990921
1.47922373
1.46218586
1.44814968
1.43727493
1.42970228
1.42553425
1.42484951
1.42769623
1.4340868
1.44400978
1.45742702
1.4742651
1.49443531
1.51779556
1.54418182
1.57339573
1.60520267
1.63934422
1.67554092
1.71348667
1.75288296
1.79339027
1.83468246
1.8764019
1.91819382
1.95968628
2.00052643
2.04034328
2.07879448
2.11553955
2.15025806
2.18263817
2.21238518
2.23921967
2.26288509
2.28313446
2.29977703
2.31264019
2.32161331
2.32661819
2.32762051
2.32464218
2.31773949
2.30699444
2.29255104
2.2745657
2.25325441
2.2288599
2.20166731
2.17197275
2.14011812
2.10643578
2.07128811
2.03502131
1.99800253
1.96059036
1.9231596
1.88607931
1.84972525
1.81446218
1.78065491
1.7486515
1.71877766
1.69135547
1.66667366
1.64501166
1.62661815
1.61171818
1.60051107
1.59314871
1.58974028
1.59035563
1.59501362
1.60368872
1.61632872
1.63283372
1.6530869
1.6769383
1.70422554
1.73475003
1.76830292
1.80465913
1.84359002
1.88486302
1.92826414
1.97358751
2.02065945
2.06932545
2.1194582
2.17095065
2.2237227
2.27770782
2.33286715
2.38918161
2.44665003
2.50528049
2.56509542
2.62610698
2.68831801
2.75170088
2.81620455
2.88173437
2.94815326
3.01528144
3.08287954
3.15065575
3.21824598
3.28521252
3.35103226
3.4151001
3.4767282
3.53514147
3.58949804
3.63888335
3.68233538
3.71883607
3.74733305
3.76674294
3.77596569
3.77391315
3.75951862
3.73176932
3.68972254
3.63253927
3.55948138
3.46993685
3.36341882
3.23957396
3.09818077
2.93914914
2.76251435
2.56844878
2.35723162
2.12925363
1.88497663
1.62494516
1.34973788
1.05996203
0.756237984
0.439188957
0.109431744
-0.232431412
-0.585807323
-0.950139999
-1.32489586
-1.70959735
-2.10380697
-2.50713539
-2.9192605
-3.33988667
-3.76877952
-4.2057271
-4.65055656
-5.10311985
-5.56330204
-6.03100014
-6.50613499
-6.98862076
-7.47835779
-7.97521973
-8.47902584
-8.98953438
-9.50642681
-10.0293007
-10.5576706
-11.09095
-11.6284599
-12.1693954
-12.7128296
-13.2576952
-13.8027678
-14.3466625
-14.8878326
-15.4245672
-15.9549952
-16.4771042
-16.9887371
-17.4876137
-17.971344
-18.4374485
-18.8834
-19.3066368
-19.7046318
-20.074934
-20.415226
-20.7233696
-20.9974594
-21.2358704
-21.4372959
-21.6007671
-21.7256966
-21.8118916
-21.85956
-21.8693199
-21.8421555
-21.7794228
-21.6827965
-21.5542011
-21.3957863
-21.209856
-20.9988098
-20.7651062
-20.5112305
-20.2396126
-19.9526291
-19.6525326
-19.3414288
-19.021244
-18.693697
-18.3602791
-18.0222664
-17.6807117
-17.3364582
-16.99016
-16.6422958
-16.2931824
-15.9429941
-15.5917835
-15.2394981
-14.886013
-14.5311604
-14.1747656
-13.8166637
-13.4567366
-13.0949249
-12.7312469
-12.3657923
-11.9987564
-11.6304264
-11.2612
-10.8915939
-10.5222607
-10.1539726
-9.78763199
-9.42426014
-9.06497955
-8.71099663
-8.36358833
-8.02408409
-7.69384146
-7.37423706
-7.06662273
-6.77232361
-6.49256611
-6.22845507
-5.98091555
-5.75064707
-5.5380888
-5.34337425
-5.16629839
-5.00630713
-4.8624649
-4.73343992
-4.61749935
-4.51250982
-4.41594839
-4.32493162
-4.23625803
-4.14647961
-4.05197048
-3.94901299
-3.83387518
-3.7028861
-3.55252743
-3.37948823
-3.18073845
-2.95357943
-2.69571352
-2.40527987
-2.08087444
-1.72158337
-1.32695055
-0.896962225
-0.432005703
0.0671887994
0.599586666
1.16391504
1.75868595
2.38227081
3.03291082
3.70878077
4.40803337
5.12884903
5.86946583
6.62822819
7.40359592
8.19415665
8.99864006
9.81589317
10.6448975
11.4847546
12.3347044
13.1941166
14.062499
14.9394875
15.824831
16.7183495
17.6199226
18.5294456
19.4467964
20.3718185
21.3042946
22.2439308
23.1903324
24.1429596
25.1010914
26.0637856
27.0298214
27.9976845
28.9655075
29.931076
30.8918114
31.8447666
32.7866211
33.7136841
34.6218719
35.506752
36.3635521
37.1871758
37.9723282
38.7135353
39.4053192
40.0422211
40.6189575
41.1305122
41.5722351
41.9399185
42.2299652
42.4394073
42.5660515
42.608551
42.5660553
42.4394073
42.2299652
41.9399185
41.5722275
41.1305161
40.6189575
40.0422211
39.4053192
38.7135391
37.9723244
37.1871758
36.3635483
35.5067558
34.6218719
33.7136841
32.7866249
31.8447666
30.8918114
29.931076
28.9655075
27.9976845
27.0298252
26.0637856
25.1010914
24.1429596
23.1903362
22.2439308
21.3042946
20.3718185
19.4467964
18.5294456
17.6199245
16.7183514
15.824831
14.9394894
14.0625
13.1941175
12.3347034
11.4847546
10.6448975
9.81589413
8.99864197
8.19415665
7.40359497
6.62823057
5.86946774
5.1288476
4.40803385
3.70878077
3.03290939
2.3822701
1.75868654
1.1639123
0.599588513
0.067186214
-0.432004094
-0.896962821
-1.32694685
-1.72158408
-2.08087397
-2.4052794
-2.69571209
-2.95357823
-3.18073797
-3.37948799
-3.55252862
-3.70288706
-3.83387232
-3.94901419
-4.05197048
-4.14648104
-4.23625708
-4.32493305
-4.41594791
-4.51251078
-4.6174984
-4.73343945
-4.86246395
-5.00630903
-5.16629887
-5.34337473
-5.53809071
-5.75064754
-5.98091507
-6.22845507
-6.49256706
-6.77232456
-7.06662416
-7.37423658
-7.69384146
-8.02408314
-8.36358738
-8.71099663
-9.06497765
-9.42426109
-9.78763294
-10.1539745
-10.5222616
-10.8915949
-11.261199
-11.6304264
-11.9987564
-12.3657942
-12.731245
-13.0949268
-13.4567375
-13.8166637
-14.1747646
-14.5311632
-14.886013
-15.2394991
-15.5917845
-15.942997
-16.2931824
-16.6422958
-16.9901619
-17.3364582
-17.6807137
-18.0222664
-18.3602791
-18.6936951
-19.021244
-19.3414288
-19.6525307
-19.9526291
-20.2396126
-20.5112305
-20.76511
-20.9988098
-21.209856
-21.3957863
-21.554203
-21.6827965
-21.7794228
-21.8421555
-21.8693161
-21.8595619
-21.8118896
-21.7256927
-21.6007652
-21.437294
-21.2358742
-20.9974613
-20.7233696
-20.415226
-20.074934
-19.7046299
-19.3066368
-18.8834
-18.4374504
-17.9713459
-17.4876137
-16.9887371
-16.4771042
-15.9549952
-15.4245663
-14.8878317
-14.3466625
-13.8027668
-13.2576942
-12.7128315
-12.1693945
-11.628458
-11.0909538
-10.5576715
-10.0292997
-9.50642776
-8.98953533
-8.47902679
-7.97521973
-7.47835779
-6.98861885
-6.50613546
-6.03100061
-5.56330109
-5.10311985
-4.65055466
-4.20572567
-3.76877809
-3.33988762
-2.91925764
-2.50713754
-2.1038053
-1.70959878
-1.32489848
-0.950139523
-0.58580792
-0.232430935
0.109429836
0.439188004
0.756236553
1.05996251
1.34973669
1.6249454
1.8849777
2.129251
2.35723281
2.56844902
2.76251554
2.93914795
3.09818077
3.23957324
3.36341834
3.46993732
3.55948162
3.63253927
3.68972445
3.73176956
3.75951934
3.77391291
3.77596641
3.76674366
3.747334
3.71883774
3.68233538
3.63888359
3.58949661
3.53514099
3.47672796
3.41510105
3.35103273
3.28521013
3.21824551
3.1506567
3.08288026
3.01528168
2.94815302
2.88173485
2.81620479
2.75170088
2.68831754
2.62610793
2.56509614
2.50527978
2.44664884
2.38918257
2.3328681
2.27770758
2.22372341
2.17095137
2.11945987
2.06932521
2.02065945
1.97358763
1.92826259
1.88486409
1.84358907
1.80465984
1.76830447
1.73474944
1.70422661
1.67694104
1.65308523
1.63283336
1.61632848
1.60368931
1.59501314
1.59035516
1.5897404
1.59314966
1.60051179
1.61171818
1.62661695
1.64501095
1.66667449
1.69135618
1.71877933
1.74864995
1.78065503
1.81446171
1.84972394
1.8860786
1.92316055
1.96058989
1.99800205
2.03502131
2.07128811
2.10643721
2.14011836
2.17197227
2.20166731
2.22886062
2.25325322
2.27456498
2.29255009
2.30699587
2.31773973
2.32464218
2.32762003
2.32661462
2.32161403
2.31264424
2.29977608
2.28313398
2.2628839
2.23922014
2.2123878
2.18263531
2.15025783
2.11553979
2.07879472
2.04034376
2.00052524
1.95968699
1.91819096
1.87640166
1.83468008
1.79339147
1.75288105
1.71348977
1.67553949
1.63934326
1.60520315
1.57339597
1.54418254
1.51779604
1.49443793
1.4742682
1.4574275
1.44401073
1.43408728
1.42769575
1.42484903
1.42553616
1.42970133
1.43727493
1.44814944
1.46218467
1.47922277
1.49909353
1.52161074
1.54659295
1.5738728
1.60327935
1.63465643
1.66785812
1.7027564
1.73923421
1.7771982
1.81657767
1.85733342
1.89944911
1.94293821
1.98782444
2.03415298
2.08195734
2.13127565
2.18212557
2.23451376
2.28842211
2.34380603
2.4005847
2.45863986
2.51779509
2.57781649
2.63840032
2.69917011
2.7596755
2.81939435
2.87772942
2.93401647
2.98751831
3.0374341
3.08289576
3.12298679
3.15674353
3.18317485
3.20128846
3.21010613
3.20868492
3.19613814
3.17164779
3.13448024
3.08399534
3.01965666
2.94102955
2.84780312
2.73977566
2.61685491
2.47905922
2.32650447
2.15937853
1.9779532
1.78255272
1.57355082
1.35135579
1.11641371
0.869187355
0.610156596
0.339797556
0.0585851073
-0.233022213
-0.534590185
-0.845706701
-1.16599524
-1.49510765
-1.8327291
-2.17857504
-2.53240156
-2.89399219
-3.2631731
-3.63979673
-4.02375031
-4.41493845
-4.81327343
-5.21867275
-5.63104343
-6.05027103
-6.47622252
-6.90872574
-7.34757328
-7.79250669
-8.24321556
-8.6993103
-9.16032982
-9.62571335
-10.0947981
-10.5668049
-11.0408316
-11.5158558
-11.9907179
-12.4641285
-12.93466
-13.400732
-13.86063
-14.3124838
-14.7542992
-15.18396
-15.5992641
-15.9979572
-16.3777714
-16.7364655
-17.0718803
-17.3819771
-17.6648693
-17.9188862
-18.1425877
-18.3348274
-18.4947548
-18.6218548
-18.7159424
-18.777174
-18.8060303
-18.8032951
-18.770031
-18.707552
-18.6173859
-18.5012417
-18.3609676
-18.1985264
-18.015934
-17.8152313
-17.5984421
-17.3675117
-17.1243134
-16.8705883
-16.607933
-16.3377991
-16.0614758
-15.7800837
-15.4945717
-15.205718
-14.9141397
-14.6203003
-14.3245163
-14.0269833
-13.7277946
-13.4269695
-13.1244774
-12.8202448
-12.5141907
-12.2062359
-11.8963127
-11.5843859
-11.2704649
-10.9546299
-10.6370249
-10.3178978
-9.99759102
-9.676548
-9.35533142
-9.03459167
-8.71509552
-8.39770317
-8.0833683
-7.77313662
-7.46814346
-7.16959476
-6.87874794
-6.59689236
-6.32531118
-6.06525278
-5.81790257
-5.5843215
-5.36543751
-5.16199255
-4.97450447
-4.80323219
-4.64813995
-4.50885868
-4.38466454
-4.27446079
-4.17677069
-4.08975649
-4.01123667
-3.93871999
-3.86945486
-3.80048084
-3.72869062
-3.65088224
-3.56384945
-3.46443295
-3.34959984
-3.21650457
-3.06256247
-2.88547611
-2.68329024
-2.45440054
-2.19757032
-1.9119401
-1.59698331
-1.25253665
-0.878736913
-0.476021856
-0.0450854599
0.413157523
0.897607088
1.40702152
1.94006383
2.49533057
3.07139969
3.66684723
4.28027487
4.91033554
5.55574226
6.21528673
6.88785887
7.57245636
8.26819038
8.97429848
9.69014168
10.4151897
11.1490326
11.8913441
12.6418915
13.4005003
14.1670532
14.9414768
15.7237196
16.5137234
17.3114166
18.1166573
18.9292221
19.7487602
20.5747719
21.4065628
22.2432251
23.0836143
23.9263134
24.7696152
25.6114845
26.4495449
27.2810497
28.1028938
28.9115791
29.7032681
30.4737816
31.2186584
31.9332142
32.6125832
33.2518311
33.8460388
34.3903847
34.8802948
35.3115005
35.6802063
35.98312
36.2175941
36.3816528
36.4740448
36.494236
36.4424591
36.3196449
36.1274071
35.8679962
35.5442276
35.1594162
34.7173004
34.2219238
33.6775856
33.0886993
32.4597626
31.7952309
31.099474
30.3767147
29.6309872
28.8660946
28.0855732
27.2926769
26.4903545
25.681242
24.8676529
24.0515976
23.2347908
22.4186726
21.6044388
20.7930679
19.9853382
19.1818619
18.3831081
17.5894184
16.8010521
16.0181942
15.2409859
14.469574
13.7041168
12.944809
12.1919088
11.4457273
10.7066736
9.97523689
9.25200653
8.53768444
7.83311081
7.13924789
6.45720148
5.78821802
5.1336813
4.49507952
3.87401223
3.27214336
2.69118977
2.13287449
1.59889543
1.09087992
0.610333443
0.158573747
-0.263308406
-0.654521704
-1.01461112
-1.34349418
-1.64149857
-1.90935445
-2.14820933
-2.35961127
-2.54548931
-2.70811343
-2.85005808
-2.97415495
-3.08342028
-3.1809907
-3.27005529
-3.35377169
-3.43521118
-3.51728415
-3.60270262
-3.69393134
-3.79315543
-3.90225911
-4.02281761
-4.15607548
-4.3029542
-4.46404886
-4.63965607
-4.82979012
-5.03420639
-5.25244665
-5.4838686
-5.72768641
-5.9829855
-6.24878025
-6.52400303
-6.80756283
-7.09834385
-7.3952384
-7.69717693
-8.00314045
-8.31217957
-8.62343216
-8.93611908
-9.24956989
-9.5632019
-9.8765316
-10.1891823
-10.5008659
-10.8113956
-11.1206913
-11.4287453
-11.7356434
-12.0415173
-12.3465462
-12.6509218
-12.9548321
-13.2584305
-13.5618267
-13.865057
-14.168066
-14.4706821
-14.7725868
-15.0733147
-15.3722038
-15.6684093
-15.9608784
-16.2483559
-16.5293846
-16.8023205
-17.0653534
-17.3165092
-17.5536995
-17.7747345
-17.9773769
-18.1593704
-18.3185139
-18.4526901
-18.559948
-18.6385269
-18.686924
-18.7039108
-18.6885796
-18.6403351
-18.5589294
-18.4444504
-18.2973137
-18.1182461
-17.908287
-17.6687317
-17.4011154
-17.1071625
-16.7887497
-16.4478645
-16.0865555
-15.7069006
-15.3109741
-14.9008255
-14.4784565
-14.045784
-13.6046505
-13.1567774
-12.703784
-12.24716
-11.788269
-11.3283377
-10.8684835
-10.4096851
-9.95281887
-9.49864197
-9.04780769
-8.60086918
-8.15827465
-7.72039747
-7.28752041
-6.85987425
-6.43763924
-6.02095318
-5.60993385
-5.20469236
-4.80531597
-4.41191101
-4.02457333
-3.64342189
-3.2685957
-2.90025878
-2.53861475
-2.18391275
-1.83643603
-1.4965179
-1.16454196
-0.840923548
-0.526129484
-0.220653892
0.0749535561
0.360125065
0.634260654
0.89674449
1.14695358
1.38428378
1.60815835
1.81805205
2.01350427
2.19412994
2.35964108
2.5098505
2.64468098
2.76417732
2.86850119
2.95793891
3.03289366
3.09388447
3.14152575
3.17652464
3.19965529
3.21175003
3.2136755
3.20632792
3.19061279
3.16743207
3.13767862
3.1022172
3.06188059
3.0174427
2.96963501
2.91911554
2.86648035
2.81226325
2.7569344
2.70089912
2.64451003
2.58805704
2.53178287
2.47587395
2.42047024
2.36566687
2.31152701
2.25808096
2.20535326
2.15334439
2.10206795
2.05152416
2.00173831
1.95273018
1.90454006
1.8572216
1.81085706
1.76554251
1.72140336
1.6785835
1.63725495
1.59759915
1.55981255
1.52410388
1.49067879
1.45974529
1.43151259
1.40617442
1.38391805
1.36490238
1.34926617
1.33711791
1.32852757
1.32351756
1.32208788
1.32418203
1.3297286
1.33861279
1.3506943
1.36580646
1.38376188
1.40433848
1.42730689
1.45240188
1.47935724
1.50788784
1.53770185
1.56849837
1.59997666
1.63182223
1.66372705
1.69536924
1.72643709
1.75659966
1.78555059
1.81297994
1.83860254
1.86214054
1.88335037
1.90199757
1.9178834
1.93083
1.94069672
1.94736719
1.95077562
1.95087862
1.94768715
1.94123697
1.93160295
1.91888952
1.90322065
1.88475037
1.86366129
1.84013748
1.81440926
1.78671265
1.75731182
1.72648573
1.69451809
1.66170645
1.62833691
1.59470797
1.5611062
1.52781677
1.495121
1.46329498
1.43260574
1.40330791
1.37564802
1.34983921
1.32608891
1.30456972
1.28544044
1.26883459
1.25486946
1.24362421
1.23517513
1.22954988
1.226758
1.22677898
1.22956228
1.23503613
1.24311018
1.25367737
1.26662111
1.28181338
1.29912281
1.3184123
1.33955193
1.36240935
1.38686442
1.41281724
1.44018269
1.46890438
1.49894714
1.53029323
1.56294703
1.59692407
1.63225114
1.6689564
1.70707262
1.74664247
1.78769541
1.83026338
1.87436521
1.91999507
1.96712327
2.01567268
2.06553745
2.11654425
2.16847396
2.22104311
2.27390552
2.32664537
2.37878203
2.42975736
2.47894144
2.5256443
2.56911564
2.60856056
2.64315224
2.67206001
2.69444799
2.7095027
2.71644068
2.71452665
2.70308185
2.68149304
2.64921641
2.60580111
2.55087733
2.48416018
2.40545535
2.3146522
2.21171212
2.09666538
1.96960747
1.83068883
1.68011498
1.51812911
1.34502268
1.16112423
0.966775298
0.762345076
0.548191905
0.324683428
0.0921728015
-0.149000764
-0.398520947
-0.656082273
-0.921402812
-1.1942246
-1.47431135
-1.76146638
-2.05551052
-2.3563087
-2.66374731
-2.97773409
-3.29820085
-3.62508106
-3.9583149
-4.29783487
-4.64356232
-4.99540806
-5.35325813
-5.71696854
-6.08636427
-6.46122074
-6.84126711
-7.22616482
-7.61551762
-8.00884151
-8.40556717
-8.80503082
-9.20645428
-9.60894394
-10.0114594
-10.4128189
-10.8116932
-11.2066116
-11.5959568
-11.977993
-12.3508949
-12.7127609
-13.0616417
-13.3956013
-13.7127075
-14.011117
-14.2890625
-14.5449314
-14.7772865
-14.9848728
-15.1666861
-15.32197
-15.4502172
-15.5512018
-15.6249542
-15.6717663
-15.6921806
-15.6869574
-15.6570673
-15.6036797
-15.5281029
-15.431777
-15.3162432
-15.183094
-15.0339518
-14.8704176
-14.6940794
-14.5064468
-14.3089561
-14.1029406
-13.8896303
-13.6701164
-13.4453735
-13.2162342
-12.9833965
-12.7474174
-12.5087395
-12.2676859
-12.0244827
-11.7792797
-11.5321445
-11.2831049
-11.0321417
-10.7792196
-10.5242872
-10.2673035
-10.0082417
-9.7471199
-9.48399544
-9.21898651
-8.95228004
-8.68413258
-8.41488647
-8.14495373
-7.87485504
-7.60518742
-7.33665848
-7.07006407
-6.80629444
-6.54633331
-6.29123974
-6.04211998
-5.80012608
-5.56643009
-5.3421793
-5.128479
-4.92636108
-4.73673725
-4.56037092
-4.39782143
-4.24941254
-4.11520576
-3.99495864
-3.88812208
-3.79380417
-3.71081591
-3.63764048
-3.57248592
-3.51329732
-3.45780897
-3.40358329
-3.34805536
-3.28860688
-3.22259951
-3.14744473
-3.06066227
-2.95991254
-2.84306121
-2.70818996
-2.55364633
-2.37802935
-2.18023396
-1.95942867
-1.71506155
-1.44684911
-1.15476656
-0.839018703
-0.500029981
-0.138406515
0.245091975
0.649577677
1.07406902
1.51751566
1.97882211
2.45688033
2.95058084
3.45884466
3.98062992
4.51495647
5.06091928
5.61769581
6.18454933
6.76084614
7.34604216
7.9396863
8.54142094
9.15097618
9.76815891
10.392849
11.0249796
11.6645279
12.3114958
12.9658833
13.6276722
14.296814
14.9731922
15.656621
16.3468056
17.0433331
17.7456341
18.4529419
19.1642742
19.878376
20.593708
21.3083878
22.020195
22.7265549
23.4245262
24.1108456
24.7819271
25.4339142
26.062746
26.6642151
27.234045
27.7679672
28.2618427
28.7117195
29.1139412
29.465229
29.762743
30.0041542
30.1876793
30.3121185
30.3768578
30.3818855
30.3277721
30.2156448
30.0471458
29.824379
29.5498638
29.2264557
28.8572884
28.4456997
27.9951668
27.509243
26.9915009
26.4454765
25.8746262
25.2822762
24.6715889
24.0455208
23.4068146
22.7579765
22.1012573
21.4386692
20.7719879
20.1027508
19.4322777
18.7616863
18.0919113
17.4236984
16.7576485
16.0942402
15.433836
14.7767296
14.1231499
13.4732952
12.8273411
12.1854601
11.547821
10.9146261
10.2861052
9.66254425
9.04429722
8.43181038
7.82563591
7.22644424
6.63503647
6.05233622
5.47941637
4.91746664
4.36780596
3.83185482
3.31113601
2.80722308
2.32172775
1.8562386
1.41228318
0.991279006
0.594455957
0.222846568
-0.122787178
-0.441981077
-0.734587669
-1.00080442
-1.24117362
-1.45659399
-1.64829934
-1.81785941
-1.96712577
-2.09820366
-2.21341276
-2.31521988
-2.40618038
-2.4888947
-2.56594515
-2.63984466
-2.71300483
-2.7876792
-2.86594439
-2.94966102
-3.040452
-3.13968706
-3.2484715
-3.36765337
-3.4978199
-3.63932443
-3.79229331
-3.95666385
-4.13218212
-4.31844234
-4.51490211
-4.72090387
-4.93570137
-5.1584754
-5.38837337
-5.62452126
-5.86604977
-6.11211491
-6.36190081
-6.61464453
-6.86962748
-7.12619686
-7.38375998
-7.64180994
-7.89992046
-8.15776062
-8.41509151
-8.671772
-8.92774391
-9.18302536
-9.43769455
-9.69187832
-9.94573498
-10.1994514
-10.4532108
-10.7071991
-10.9615765
-11.2164478
-11.4718609
-11.7277575
-11.9839554
-12.2401409
-12.4958229
-12.750349
-13.0028868
-13.2524071
-13.4977036
-13.7373972
-13.9699297
-14.1935997
-14.4065847
-14.6069689
-14.7927971
-14.9621124
-15.112998
-15.2436399
-15.3523521
-15.4376202
-15.4981289
-15.5327988
-15.5407915
-15.5215435
-15.4747705
-15.4004707
-15.2989216
-15.1706696
-15.0164995
-14.8374071
-14.6345768
-14.4093447
-14.1631584
-13.897562
-13.6141624
-13.3146143
-13.0005836
-12.6737404
-12.3357172
-11.9881039
-11.6324177
-11.2701092
-10.9025211
-10.5309162
-10.1564522
-9.78020096
-9.40311813
-9.02607536
-8.64983463
-8.27507401
-7.90234852
-7.53215408
-7.16487885
-6.80086517
-6.44038486
-6.08365822
-5.73087263
-5.38217831
-5.03769827
-4.69753218
-4.36176395
-4.03046894
-3.70372581
-3.38161945
-3.06425858
-2.75177479
-2.44433212
-2.14212847
-1.84539032
-1.55439091
-1.26944447
-0.990900517
-0.71917057
-0.454704285
-0.198001385
0.0504002571
0.289933681
0.520022869
0.740087986
0.949566364
1.14793158
1.33470297
1.50945282
1.67181873
1.82152748
1.95838118
2.0822854
2.19324732
2.29138041
2.37689853
2.45012379
2.51145601
2.56138897
2.6004734
2.62932277
2.64859295
2.65897942
2.66120148
2.65599465
2.64409161
2.62622499
2.60309863
2.57539439
2.54374504
2.50875187
2.47096777
2.43089962
2.38900995
2.34571409
2.30137753
2.25631571
2.21078944
2.16501164
2.11915064
2.07333136
2.02764821
1.98217297
1.93696141
1.89205217
1.84747887
1.80326748
1.75943589
1.71600664
1.67299771
1.63044131
1.58839035
1.54691124
1.5060941
1.46606064
1.42694426
1.38889277
1.35207677
1.31666994
1.28285706
1.25082731
1.22077453
1.19289327
1.1673739
1.14439023
1.12409818
1.1066258
1.09206963
1.08050394
1.07196188
1.06645203
1.06396222
1.06444454
1.06783676
1.07403851
1.08293533
1.09437943
1.10820341
1.1242218
1.14223385
1.16202736
1.18339109
1.20609474
1.22991085
1.25459862
1.27991009
1.30557728
1.33134079
1.35691929
1.38205147
1.40646744
1.42991829
1.45216274
1.47297287
1.49213982
1.50946617
1.52476883
1.53789711
1.54870224
1.55708981
1.56296635
1.56628799
1.56702423
1.56518364
1.56078339
1.55387497
1.54453087
1.53284454
1.51893044
1.50293159
1.48501015
1.4653511
1.44415283
1.42163086
1.39798355
1.37343788
1.34820747
1.32251549
1.29658127
1.27064514
1.24492645
1.21965218
1.19504356
1.17129898
1.14861012
1.12715816
1.1070919
1.08857632
1.0717392
1.05671692
1.04361153
1.03252316
1.02351761
1.0166378
1.0119009
1.00929832
1.00880718
1.01038742
1.01398182
1.01952362
1.02693558
1.03613281
1.04702377
1.05951405
1.07350349
1.08891058
1.10565138
1.12366247
1.14289665
1.16331768
1.18490124
1.20763683
1.23151779
1.25656033
1.28277397
1.31019306
1.33885646
1.36881304
1.40011382
1.43280935
1.46693957
1.50253427
1.53959382
1.57809401
1.61797452
1.65913665
1.70143032
1.74464965
1.78852987
1.83274162
1.87688577
1.92050028
1.96306694
2.00401497
2.04273844
2.07859731
2.11093688
2.13910151
2.16242981
2.18027782
2.19202614
2.1970911
2.19491839
2.18502045
2.16696119
2.14036322
2.1049118
2.06035709
2.00650668
1.94323015
1.8704474
1.78813529
1.6963321
1.59511411
1.48461092
1.36498547
1.23643208
1.0991683
0.953430653
0.799461126
0.637517452
0.467856884
0.290744781
0.106434822
-0.0848176479
-0.282773018
-0.487216711
-0.697960854
-0.914836407
-1.13770819
-1.36646461
-1.60100484
-1.84124351
-2.08710814
-2.3385253
-2.595433
-2.85776567
-3.12547016
-3.3984828
-3.67674184
-3.96017838
-4.24870777
-4.5422287
-4.84061575
-5.14371014
-5.45131683
-5.76318741
-6.07901716
-6.398417
-6.72090912
-7.04590464
-7.37269926
-7.70045662
-8.02821541
-8.35489082
-8.67926407
-9.0000248
-9.31575489
-9.62495804
-9.92608738
-10.217555
-10.4977703
-10.7651587
-11.0181942
-11.2554483
-11.4755926
-11.6774435
-11.8599758
-12.0223408
-12.1638746
-12.2841139
-12.3827896
-12.4598513
-12.5154333
-12.5498791
-12.563715
-12.5576363
-12.5324869
-12.4892321
-12.4289436
-12.3527575
-12.2618694
-12.1574965
-12.0408707
-11.9132109
-11.7757082
-11.6294985
-11.475647
-11.3151369
-11.1488552
-10.9775848
-10.8020067
-10.6226997
-10.4401512
-10.254755
-10.0668268
-9.87660599
-9.68425846
-9.48989296
-9.29356194
-9.09528446
-8.89505005
-8.69284058
-8.48864365
-8.28245831
-8.07430553
-7.86422729
-7.65230703
-7.43866539
-7.22346783
-7.00694609
-6.78939056
-6.57117939
-6.35278225
-6.1347456
-5.91771507
-5.70242882
-5.4897027
-5.28042698
-5.07555532
-4.87609053
-4.68306303
-4.49750423
-4.32041454
-4.15273333
-3.99529266
-3.84878826
-3.7137363
-3.59045315
-3.47902393
-3.37928677
-3.29083109
-3.21298575
-3.14482689
-3.08517528
-3.03263664
-2.98559761
-2.9422822
-2.9007678
-2.85905051
-2.81508064
-2.76679707
-2.71218681
-2.64930725
-2.57631445
-2.4915061
-2.39332867
-2.28041077
-2.15157413
-2.00585341
-1.84250188
-1.66098917
-1.4609952
-1.24240208
-1.00526834
-0.749814272
-0.476404071
-0.185519814
0.122245908
0.446207047
0.785606802
1.13963795
1.50745511
1.88821363
2.28107357
2.68523812
3.09994793
3.52450299
3.9582727
4.40068722
4.85124874
5.3095274
5.77516174
6.24786186
6.72740269
7.21362591
7.7064209
8.20572662
8.7115202
9.22380447
9.74260139
10.2679539
10.7999048
11.338479
11.8836803
12.4354496
12.9936304
13.5579443
14.1279316
14.7029305
15.2820368
15.8640738
16.4475765
17.0307808
17.6116085
18.1876945
18.7563667
19.3146896
19.8595009
20.3874645
20.8951111
21.3789215
21.8354111
22.2611885
22.6530266
23.0079422
23.3232384
23.5965691
23.8259563
24.0098534
24.1471443
24.2371902
24.2798042
24.2752628
24.2242794
24.1279755
23.9878311
23.8056545
23.583519
23.3237343
23.0287781
22.7012749
22.3439445
21.9595318
21.5508022
21.1204605
20.6711311
20.2053185
19.7253761
19.233511
18.7317276
18.2218895
17.7056618
17.184536
16.6598244
16.1326694
15.6040516
15.0747919
14.5455761
14.0169697
13.4894381
12.9633675
12.4390678
11.9167881
11.3967361
10.8790684
10.3639145
9.85138702
9.34161282
8.83472633
8.33092117
7.83044147
7.33362103
6.84087324
6.35272455
5.86980438
5.39287663
4.92281914
4.46064425
4.00748825
3.56460357
3.13332868
2.71504903
2.31118488
1.92311931
1.55217314
1.1995542
0.866336107
0.553417325
0.261476994
-0.00902938843
-0.257915378
-0.485270619
-0.691475034
-0.877206087
-1.0434196
-1.19133306
-1.32239127
-1.43823004
-1.54063785
-1.63152158
-1.71286058
-1.78667796
-1.85500598
-1.91983938
-1.98310375
-2.04661894
-2.11206174
-2.18093514
-2.25456524
-2.33407497
-2.42040014
-2.5142765
-2.6162653
-2.72674131
-2.84591269
-2.97382116
-3.11035872
-3.25527215
-3.40819502
-3.56865668
-3.73612309
-3.91000152
-4.08967495
-4.27449799
-4.46382332
-4.65699196
-4.85336256
-5.05230761
-5.2532444
-5.45563078
-5.65900517
-5.86296606
-6.06719303
-6.27143097
-6.47549915
-6.67926979
-6.88267469
-7.08570194
-7.28839874
-7.49087
-7.69327641
-7.89582157
-8.09873295
-8.30224037
-8.50654984
-8.71181488
-8.91813469
-9.12550545
-9.33383942
-9.54292774
-9.75244141
-9.96189117
-10.1706505
-10.3778982
-10.5826635
-10.7837944
-10.9799938
-11.1698408
-11.3518229
-11.5243664
-11.685874
-11.8347435
-11.9694176
-12.0883942
-12.1902742
-12.273777
-12.3377905
-12.3813896
-12.4038658
-12.4047298
-12.383728
-12.3408127
-12.2761536
-12.1901045
-12.0831995
-11.9561291
-11.8097401
-11.6450014
-11.4630098
-11.2649508
-11.0520802
-10.8256836
-10.5870705
-10.337534
-10.0783463
-9.81074142
-9.53591824
-9.25502586
-8.96916389
-8.67937088
-8.38661957
-8.09178829
-7.795681
-7.4989953
-7.20234585
-6.9062767
-6.61124992
-6.31768131
-6.02592468
-5.73629475
-5.44904804
-5.1644001
-4.88251591
-4.60352135
-4.32749939
-4.0545187
-3.78464127
-3.51791573
-3.25441074
-2.9941864
-2.7373333
-2.48394203
-2.23412132
-1.98799896
-1.74574757
-1.5075779
-1.27374458
-1.04456711
-0.820402145
-0.601666451
-0.388798714
-0.182264328
0.017457962
0.209882736
0.394525051
0.570912361
0.738575459
0.897090912
1.04606676
1.18517494
1.31416225
1.43285751
1.5411706
1.63910818
1.72674704
1.8042388
1.87180281
1.92972136
1.97835064
2.018085
2.04938936
2.07277441
2.08877611
2.0979619
2.10090446
2.09817314
2.09031773
2.07788348
2.06138945
2.04133749
2.01821089
1.99245989
1.96450329
1.93471944
1.90344608
1.87096775
1.83753121
1.80334377
1.7685895
1.73340929
1.69793749
1.66227138
1.62649727
1.59066772
1.55482125
1.51897585
1.48314238
1.44732964
1.41155505
1.37585497
1.34027183
1.30486333
1.26970744
1.23488235
1.20048952
1.16663265
1.13343382
1.10104084
1.0696094
1.03930771
1.01031911
0.982818246
0.956980765
0.932960033
0.910901666
0.890921831
0.873136759
0.857633352
0.84448719
0.83374691
0.825447321
0.819589138
0.816152573
0.815084934
0.816317081
0.819756508
0.825307846
0.832854271
0.84227562
0.853436947
0.866193771
0.880379677
0.895824432
0.912327766
0.929702759
0.947734833
0.9662323
0.984989166
1.00381184
1.02250099
1.04086781
1.0587101
1.07584286
1.09207821
1.10725021
1.12119675
1.1337719
1.14486504
1.15436554
1.16218376
1.16824913
1.1724968
1.17489243
1.17541313
1.17405319
1.1708374
1.16580963
1.15903473
1.15058517
1.14055824
1.12905312
1.11618805
1.1020813
1.0868721
1.07070827
1.05373955
1.03613377
1.01804733
0.999647141
0.981091499
0.962535858
0.944132805
0.926037788
0.908394814
0.891356468
0.875061989
0.85965538
0.845257759
0.831985474
0.819932938
0.80918932
0.799813747
0.791865349
0.785380363
0.780390739
0.776902676
0.774914742
0.774411678
0.775358677
0.777708054
0.781411171
0.786411762
0.792654991
0.800084591
0.808652878
0.818309307
0.829005718
0.840703249
0.853361368
0.866940975
0.88141942
0.896778584
0.913020134
0.930152178
0.948206663
0.967218399
0.987239122
1.00832331
1.03052413
1.05390501
1.07851934
1.10441267
1.13161433
1.16013539
1.18995285
1.2210027
1.25317478
1.2863127
1.32020831
1.35460436
1.38919353
1.42363143
1.45753598
1.49049377
1.52205634
1.55176353
1.57913136
1.60366476
1.62487626
1.64228487
1.65542436
1.66385663
1.6671797
1.66502094
1.65704978
1.64296997
1.6225251
1.59550691
1.5617398
1.52109909
1.47349131
1.4188745
1.35724056
1.28861511
1.21305668
1.13065326
1.0415169
0.945786119
0.84361589
0.735177875
0.620654464
0.500231385
0.374086857
0.242398024
0.105323553
-0.0369919538
-0.184417486
-0.336830854
-0.494122863
-0.656190872
-0.822941303
-0.994279861
-1.17013025
-1.3504163
-1.53507495
-1.72404957
-1.91729498
-2.1147697
-2.31644177
-2.52227664
-2.73225117
-2.94634056
-3.16451216
-3.38672614
-3.61292243
-3.84300804
-4.07685184
-4.3142519
-4.55494833
-4.79859543
-5.04475641
-5.29290819
-5.54242039
-5.79257393
-6.04254818
-6.29143047
-6.53822041
-6.78184605
-7.02116776
-7.25500107
-7.48214054
-7.7013731
-7.91151142
-8.11141109
-8.29998016
-8.47621346
-8.6391983
-8.78812504
-8.92232132
-9.04123306
-9.14446259
-9.2317543
-9.30301476
-9.3582859
-9.39776993
-9.42178631
-9.43078804
-9.42532921
-9.40606022
-9.37370872
-9.32907486
-9.2729969
-9.20635986
-9.13004303
-9.04493332
-8.95189285
-8.8517437
-8.74526691
-8.63318443
-8.51615906
-8.39478683
-8.26960373
-8.14107323
-8.00958252
-7.87546444
-7.73897934
-7.60033274
-7.45967197
-7.31711388
-7.17273474
-7.0265851
-6.87869644
-6.72909307
-6.57777596
-6.42475224
-6.27002048
-6.11358833
-5.95548058
-5.79575443
-5.63449574
-5.47184277
-5.30799866
-5.14322472
-4.97785807
-4.81230831
-4.64706516
-4.48269939
-4.31985378
-4.15924549
-4.00165272
-3.84790134
-3.69883776
-3.55530548
-3.41812706
-3.28805876
-3.16577435
-3.05182934
-2.94665003
-2.85050607
-2.76349139
-2.68552732
-2.61633158
-2.55543876
-2.50217915
-2.45570874
-2.41501093
-2.37892485
-2.34616661
-2.31534719
-2.28501868
-2.25369644
-2.21987343
-2.18206358
-2.13882828
-2.08879042
-2.03066778
-1.96329141
-1.88561344
-1.79672801
-1.69587326
-1.58243346
-1.4559387
-1.31606531
-1.16262877
-0.995577574
-0.814991474
-0.621069908
-0.414115071
-0.194520354
0.037243247
0.280654788
0.535157204
0.800177932
1.07513952
1.35947752
1.65264535
1.95411992
2.26340556
2.58004427
2.90361142
3.23373032
3.5700593
3.91230822
4.26022911
4.61362267
4.972332
5.33625031
5.70531464
6.0795126
6.45887947
6.84349728
7.23348045
7.62896776
8.03009987
8.43699646
8.84972382
9.2682724
9.69252586
10.1222267
10.5569553
10.9961042
11.4388409
11.8841057
12.3305836
12.7767124
13.2206736
13.660428
14.093729
14.5181684
14.9312038
15.3302231
15.7125607
16.075592
16.4167328
16.7335262
17.0236702
17.2850761
17.5158997
17.7145805
17.8798656
18.0108337
18.1068764
18.167738
18.1934719
18.1844521
18.1413498
18.0651131
17.9569283
17.8182106
17.6505642
17.4557381
17.2355881
16.9920559
16.7271118
16.4427376
16.1408882
15.8234882
15.4923706
15.1492901
14.7958889
14.433712
14.064167
13.6885471
13.3080034
12.9235764
12.5361719
12.146595
11.7555408
11.3636036
10.9712954
10.5790539
10.1872139
9.79606533
9.40582275
9.01663876
8.62863731
8.241889
7.85646486
7.47242546
7.08984995
6.70884132
6.32956219
5.95222473
5.5771265
5.20464849
4.83528328
4.4696269
4.10838318
3.75238228
3.40254259
3.05987072
2.72544479
2.4003706
2.08578014
1.78277588
1.49242592
1.21570539
0.95348978
0.706514359
0.475346088
0.260366917
0.0617589951
-0.120508671
-0.286687136
-0.437229156
-0.572795868
-0.694238186
-0.802573442
-0.898967981
-0.984715223
-1.06120205
-1.12988114
-1.19224405
-1.24978256
-1.30396557
-1.35620809
-1.40785456
-1.46014738
-1.51422417
-1.57110047
-1.63166332
-1.69666505
-1.76671839
-1.84230101
-1.92375314
-2.01128149
-2.10497594
-2.2048049
-2.31064606
-2.42228508
-2.53943706
-2.66175318
-2.78884816
-2.92029047
-3.05563307
-3.19440651
-3.33614826
-3.48039198
-3.62669611
-3.77463961
-3.92383242
-4.0739255
-4.22460508
-4.37560463
-4.52671099
-4.67775822
-4.82863712
-4.97929764
-5.12975121
-5.280056
-5.43033218
-5.58073235
-5.73144722
-5.88267851
-6.03464079
-6.18752766
-6.34151554
-6.49672937
-6.65323496
-6.81101608
-6.96995831
-7.12984133
-7.29031086
-7.45088053
-7.6109314
-7.76971292
-7.92634726
-8.07984543
-8.2291317
-8.37304974
-8.51039696
-8.63994122
-8.76044941
-8.87071323
-8.96958637
-9.05598736
-9.12894917
-9.1876173
-9.23128223
-9.25938034
-9.27150154
-9.26739502
-9.24696445
-9.21026611
-9.15751076
-9.08903599
-9.00531578
-8.90694046
-8.79459381
-8.66904449
-8.5311327
-8.38173866
-8.22178841
-8.05221367
-7.87396479
-7.6879859
-7.49520874
-7.29652548
-7.0928154
-6.88489723
-6.6735425
-6.4594698
-6.24334049
-6.02574968
-5.80724144
-5.5883069
-5.36938763
-5.15086365
-4.93307352
-4.71630478
-4.50079441
-4.28674126
-4.07430458
-3.86360312
-3.65474486
-3.4477911
-3.24280834
-3.03983688
-2.83890843
-2.64005399
-2.44330478
-2.248698
-2.05628872
-1.86615133
-1.67839837
-1.49316549
-1.31062961
-1.13100672
-0.954545975
-0.781532526
-0.612292051
-0.447159767
-0.286521912
-0.130759716
0.0197212696
0.164515018
0.303235531
0.435513973
0.561007261
0.679420948
0.790510178
0.894068003
0.989952087
1.07807755
1.15841043
1.23098326
1.2958771
1.35324264
1.40327668
1.44623196
1.48239672
1.51210225
1.53570437
1.55358171
1.56612301
1.57372975
1.57680833
1.57576478
1.57099891
1.56289923
1.5518465
1.53819251
1.52226901
1.50438476
1.48482013
1.4638232
1.44162774
1.41843247
1.39441848
1.36973476
1.34450698
1.31883502
1.29279673
1.26644564
1.23981977
1.21295285
1.18586588
1.15857136
1.1310966
1.10345662
1.07567918
1.04779291
1.01983774
0.991861641
0.963931024
0.936121106
0.908527374
0.881262064
0.854441285
0.828199625
0.802676022
0.778001428
0.754315197
0.731744766
0.71041739
0.690442562
0.671932459
0.654976249
0.639652371
0.62602222
0.61413455
0.604010463
0.595658779
0.589072585
0.584229231
0.58109045
0.579610944
0.579730749
0.581378937
0.584469557
0.588911057
0.594591141
0.601399899
0.609214544
0.617911816
0.627369404
0.637459278
0.648052216
0.659018993
0.67022419
0.681533813
0.69281435
0.703928947
0.714750767
0.725165367
0.735050201
0.744308949
0.752835274
0.760546207
0.767352581
0.77317524
0.777946472
0.781621456
0.784148693
0.785514832
0.785702229
0.784716129
0.782572269
0.779296875
0.77493
0.769504547
0.763081551
0.755728722
0.747508049
0.73850441
0.72880888
0.718506813
0.707692146
0.696463585
0.684910297
0.673136234
0.661233902
0.649308205
0.637458801
0.625790596
0.61440134
0.603389263
0.59284544
0.582857132
0.573498726
0.564843178
0.556945324
0.549864769
0.543640137
0.53831625
0.533906937
0.5304389
0.527911663
0.526323318
0.525660992
0.525910854
0.527050018
0.529056549
0.531901121
0.535558939
0.539988518
0.545161247
0.551030397
0.557560205
0.564712048
0.572457671
0.58077383
0.58965385
0.599100471
0.609127045
0.619763613
0.631045938
0.643022537
0.655744016
0.669267297
0.683650553
0.698952258
0.715211391
0.732464731
0.750723004
0.76997292
0.790174961
0.811257899
0.833124876
0.855640054
0.878642321
0.901937962
0.925308824
0.948495388
0.971226752
0.993210733
1.01413608
1.03368616
1.05154586
1.06739688
1.08093691
1.09186578
1.09990335
1.10478354
1.10625792
1.10409546
1.09809113
1.08805752
1.07383919
1.05530429
1.03234839
1.00489664
0.972902656
0.936346114
0.895224929
0.8495664
0.799414575
0.744833052
0.685893595
0.62268877
0.555308998
0.48385036
0.408408999
0.329082966
0.245959282
0.159124136
0.0686596632
-0.0253510475
-0.122835636
-0.223710656
-0.32790184
-0.435339093
-0.545950174
-0.65967834
-0.776464462
-0.896264434
-1.01903939
-1.14476967
-1.27344167
-1.40505326
-1.53961396
-1.67714071
-1.81765711
-1.96117759
-2.10771418
-2.25725913
-2.40977216
-2.56518626
-2.72338629
-2.88421035
-3.04744434
-3.21280003
-3.3799355
-3.54843712
-3.71781635
-3.88751745
-4.05692291
-4.22535419
-4.39208269
-4.55634308
-4.71734238
-4.87427235
-5.0263257
-5.17270136
-5.31262445
-5.44535351
-5.57019234
-5.68650961
-5.79374695
-5.89141464
-5.97912979
-6.05658722
-6.12358665
-6.18001938
-6.22587299
-6.26122665
-6.28624916
-6.30118704
-6.30636692
-6.30217838
-6.28906727
-6.26753759
-6.23811531
-6.20135498
-6.15781927
-6.1080761
-6.05267811
-5.99216175
-5.92703342
-5.85778046
-5.78483772
-5.70861626
-5.62948036
-5.54774427
-5.46369457
-5.37756538
-5.28956509
-5.1998539
-5.10856819
-5.01581287
-4.92166758
-4.8261857
-4.72939491
-4.63130856
-4.53192329
-4.43122339
-4.32918692
-4.22579622
-4.12104416
-4.01493931
-3.90751076
-3.79883289
-3.68901539
-3.57822227
-3.46666813
-3.35463667
-3.2424736
-3.13058853
-3.01944828
-2.90957785
-2.80154514
-2.69592762
-2.59333134
-2.49435472
-2.39956856
-2.30950546
-2.22464657
-2.14539766
-2.07207394
-2.00488138
-1.94391966
-1.88916302
-1.84044814
-1.7974875
-1.75986385
-1.72704196
-1.69838619
-1.67315555
-1.65053988
-1.6296587
-1.60958719
-1.58937454
-1.56804752
-1.5446384
-1.51820421
-1.48783207
-1.45265579
-1.41188157
-1.36478186
-1.31071448
-1.24912691
-1.17956638
-1.10166836
-1.01517534
-0.919924378
-0.815843105
-0.702942371
-0.581317306
-0.451125026
-0.312577009
-0.165930867
-0.0114746094
0.150474668
0.319586992
0.495521903
0.677934408
0.866489649
1.06084991
1.26069462
1.46571851
1.67562723
1.89014876
2.10903311
2.33206058
2.55903244
2.78979111
3.02422047
3.26224208
3.50383759
3.74902606
3.99787617
4.25050068
4.50704145
4.76765442
5.0325079
5.30174828
5.57549524
5.8538084
6.13667059
6.42396545
6.71545744
7.01076269
7.30934858
7.61050749
7.91336775
8.21687222
8.51981544
8.82082367
9.11840439
9.41094112
9.69674397
9.97405052
10.241086
10.4960756
10.7372837
10.9630423
11.171793
11.3621035
11.5327024
11.6824903
11.8105659
11.9162312
11.9989996
12.0585918
12.0949564
12.1082344
12.0987806
12.0671167
12.0139503
11.9401293
11.8466377
11.7345486
11.6050272
11.4592876
11.2985878
11.1241884
10.9373474
10.739315
10.5312862
10.3144226
10.0898132
9.85847664
9.62137604
9.3793869
9.13331318
8.88389397
8.63178825
8.37758541
8.12179947
7.86488438
7.60721207
7.34910297
7.09080887
6.83252811
6.57439709
6.31653023
6.0589819
5.8018074
5.54502296
5.2886467
5.03271008
4.77725697
4.52237892
4.26819324
4.0149107
3.76279163
3.51218414
3.2635107
3.01728439
2.77410221
2.53460884
2.29951668
2.06959248
1.84561396
1.62838221
1.41867447
1.21724415
1.02478743
0.841928482
0.669181824
0.506973267
0.355580807
0.215162277
0.0857286453
-0.0328521729
-0.140843868
-0.238647461
-0.326795578
-0.405926943
-0.476783514
-0.540191412
-0.597037315
-0.648263931
-0.694825649
-0.737694979
-0.777830958
-0.816160321
-0.853575945
-0.890914619
-0.928951442
-0.968379676
-1.00981808
-1.05379152
-1.10073137
-1.15099311
-1.20482206
-1.26239395
-1.32380438
-1.38907373
-1.45815921
-1.53096318
-1.60733807
-1.68709171
-1.76998901
-1.85577822
-1.94417071
-2.03488231
-2.12760949
-2.22205687
-2.31793189
-2.41495371
-2.51285815
-2.61140084
-2.71036434
-2.80956221
-2.9088378
-3.00808239
-3.10722017
-3.20623207
-3.30512881
-3.40397263
-3.50285745
-3.60191321
-3.70128965
-3.80115771
-3.90168834
-4.00305986
-4.10541868
-4.20889378
-4.31354666
-4.41940117
-4.52638912
-4.63436794
-4.74309683
-4.85225344
-4.96141529
-5.07007599
-5.17764091
-5.28344774
-5.38676357
-5.48681211
-5.58276939
-5.67380476
-5.75907707
-5.83777046
-5.90910196
-5.97234535
-6.02683544
-6.07199478
-6.10732222
-6.1324234
-6.14699507
-6.15083694
-6.14385414
-6.12605667
-6.09755087
-6.05853653
-6.00930119
-5.95021296
-5.8816967
-5.80423689
-5.71837044
-5.62466097
-5.52370405
-5.41611719
-5.30251884
-5.18353415
-5.05977821
-4.93184471
-4.80031013
-4.6657238
-4.52859545
-4.38941145
-4.24861479
-4.10662079
-3.96380997
-3.82050991
-3.6770277
-3.53362322
-3.39052367
-3.24792242
-3.10597062
-2.96480441
-2.82452822
-2.68522716
-2.54695868
-2.40977669
-2.27370858
-2.13876724
-2.00497103
-1.8723166
-1.74082279
-1.61049747
-1.48137665
-1.35351491
-1.22697759
-1.1018703
-0.978311539
-0.856456757
-0.736479759
-0.618580818
-0.502995729
-0.389969349
-0.279765844
-0.172672033
-0.0689678192
0.0310657024
0.127154112
0.219044209
0.306503773
0.389326811
0.467334747
0.540381432
0.608360052
0.671197176
0.728864431
0.781372547
0.828777075
0.87116456
0.908663273
0.941424847
0.96962893
0.993481517
1.01319146
1.02899504
1.0411346
1.04986095
1.05543447
1.05811095
1.05815101
1.05580449
1.0513109
1.04490364
1.03679156
1.02718329
1.01626563
1.00421262
0.991180301
0.977312088
0.962725401
0.947523713
0.931793332
0.915598571
0.898989081
0.882007003
0.864680409
0.847034276
0.829081178
0.810840964
0.79231894
0.773532212
0.754487276
0.735208333
0.715716124
0.696055353
0.676267743
0.6564219
0.636579275
0.616825223
0.59723866
0.577909946
0.55892235
0.540367007
0.522333026
0.504909098
0.488179147
0.472231507
0.457137227
0.442965269
0.429768622
0.417591274
0.406458139
0.396390498
0.387392163
0.379464924
0.37259531
0.36676836
0.361952066
0.358113408
0.355203629
0.353168249
0.351948857
0.351480722
0.351698637
0.352543354
0.353946209
0.355842352
0.358166933
0.360849619
0.36382246
0.367018938
0.370368719
0.373814583
0.377291441
0.380742788
0.384115219
0.38735199
0.39040184
0.393211842
0.395729065
0.397911072
0.399718285
0.401115417
0.402077675
0.402586937
0.402626038
0.402188778
0.401269913
0.399866104
0.397983074
0.395629406
0.39281559
0.389564514
0.385897636
0.381846428
0.377441883
0.372718811
0.367711067
0.362452984
0.356983185
0.35133934
0.345565796
0.339703083
0.33380127
0.327912331
0.32207489
0.316344261
0.31075716
0.305356503
0.300177097
0.295258045
0.290630341
0.2863307
0.282387733
0.278830528
0.275675774
0.272950649
0.270663261
0.268821716
0.267434597
0.266512394
0.266045094
0.266041279
0.266492844
0.267380714
0.26868391
0.270386696
0.272453785
0.27486372
0.277591705
0.280621052
0.283936024
0.287537575
0.291422844
0.295592308
0.300061226
0.304845333
0.309963703
0.315441132
0.321313381
0.327611923
0.334378242
0.34164238
0.349434376
0.357774734
0.366673231
0.376126289
0.386116743
0.396613598
0.407562733
0.41890049
0.430542707
0.442391396
0.454336882
0.466253996
0.478006244
0.489460349
0.500463605
0.510869861
0.520526767
0.529286146
0.536998153
0.54351151
0.548689961
0.552396178
0.554504991
0.554894328
0.55346179
0.550111353
0.544765949
0.537354052
0.527825296
0.516134322
0.50225842
0.486174911
0.467879653
0.447379231
0.424684972
0.399817348
0.372801989
0.343669355
0.312447727
0.279169589
0.243865848
0.206570655
0.167320132
0.126151979
0.0831064582
0.0382281542
-0.00843864679
-0.0568503737
-0.106963158
-0.158734798
-0.212130666
-0.267118573
-0.323668122
-0.381757736
-0.441373706
-0.502513647
-0.565174103
-0.629376173
-0.695136905
-0.762481093
-0.831440568
-0.902039647
-0.974299073
-1.0482254
-1.12381339
-1.20103979
-1.27985358
-1.36018395
-1.44192338
-1.52493489
-1.60904574
-1.69405079
-1.77970195
-1.86572599
-1.95180678
-2.03760791
-2.12276244
-2.20689392
-2.28960037
-2.3704803
-2.44912744
-2.52513909
-2.59812379
-2.66771078
-2.73354197
-2.79529905
-2.85269022
-2.90546227
-2.95340157
-2.99634123
-3.03415442
-3.06676817
-3.09415007
-3.11632061
-3.13333678
-3.14530563
-3.15236449
-3.15469289
-3.15249276
-3.14599133
-3.13543129
-3.12107658
-3.10318542
-3.08202219
-3.05785251
-3.03093719
-3.0015285
-2.9698658
-2.93616819
-2.90064669
-2.86348867
-2.8248682
-2.78493667
-2.74383163
-2.7016716
-2.65856075
-2.61457944
-2.56979775
-2.52426434
-2.47800827
-2.43104625
-2.3833797
-2.33499098
-2.28586221
-2.23596525
-2.18527722
-2.13377762
-2.08145285
-2.02831531
-1.97438645
-1.91971946
-1.86439323
-1.8085227
-1.75225139
-1.69576025
-1.63926482
-1.58301234
-1.52727294
-1.47234035
-1.41852808
-1.3661468
-1.31551242
-1.26692247
-1.22065711
-1.17696643
-1.13606048
-1.09810376
-1.0632031
-1.03141212
-1.00273347
-0.977093339
-0.954365492
-0.934368968
-0.916862607
-0.901554585
-0.888107181
-0.876139641
-0.865237355
-0.854955912
-0.844833851
-0.834397197
-0.823171616
-0.81068939
-0.796497941
-0.780164778
-0.761291087
-0.739505887
-0.714479089
-0.685927153
-0.653606296
-0.617327988
-0.576944768
-0.53235817
-0.483511329
-0.430384248
-0.372995675
-0.311391443
-0.245646238
-0.175856233
-0.10213688
-0.0246228874
0.056540668
0.141197801
0.229192138
0.320355475
0.414527833
0.511542797
0.611241877
0.713465929
0.818067908
0.92490685
1.03385484
1.14481139
1.25768614
1.37242579
1.48900378
1.6074214
1.72771025
1.84992886
1.97416472
2.10051727
2.2291019
2.3600328
2.49342155
2.62935615
2.76789904
2.90906096
3.05280113
3.19901419
3.34751511
3.49803638
3.65023637
3.80367613
3.95784378
4.11213493
4.26587677
4.41832781
4.56868076
4.7160902
4.85967731
4.99854755
5.13181353
5.25860023
5.37807369
5.48944473
5.59198761
5.68504524
5.76804399
5.84049416
5.90201187
5.95230389
5.99119139
6.01859808
6.03455257
6.03918314
6.03270912
6.0154295
5.98772144
5.95001793
5.90281534
5.84664297
5.78207779
5.70970488
5.63014126
5.54399109
5.4518652
5.35434771
5.2520113
5.14539528
5.03502607
4.9213872
4.80493832
4.6860981
4.56526232
4.44277239
4.31894779
4.19405746
4.0683403
3.94199467
3.81518126
3.68803167
3.56064796
3.43309116
3.3054142
3.17763615
3.04976368
2.92178869
2.79371548
2.66553879
2.53728485
2.40898705
2.28072309
2.15260077
2.02476454
1.89740229
1.77074003
1.64504433
1.52062893
1.39783716
1.27704573
1.15865517
1.04308844
0.930749416
0.822058201
0.717393398
0.617116928
0.521543503
0.430936337
0.34551692
0.265440702
0.190799713
0.121615171
0.0578486919
-0.000613212585
-0.0539536476
-0.102414608
-0.146298647
-0.185953021
-0.22176671
-0.254159808
-0.283578157
-0.310480118
-0.335333645
-0.358605862
-0.38075459
-0.402218103
-0.423408389
-0.44470942
-0.46646595
-0.48897928
-0.512516499
-0.537303388
-0.5635221
-0.591316342
-0.620793819
-0.652019978
-0.685019255
-0.719788194
-0.756282687
-0.794436097
-0.83415556
-0.875335157
-0.917851925
-0.96157831
-1.00637531
-1.05210292
-1.0986141
-1.14576781
-1.19341409
-1.24142647
-1.28967404
-1.33804929
-1.38646817
-1.43486309
-1.48318863
-1.53142905
-1.57958353
-1.62767565
-1.67574775
-1.72386634
-1.77211165
-1.82058799
-1.86939704
-1.91865361
-1.96846294
-2.01891184
-2.07006574
-2.12196302
-2.17460322
-2.22795248
-2.2819283
-2.33641362
-2.39124012
-2.44619107
-2.50100303
-2.55536985
-2.60893846
-2.66132808
-2.71212912
-2.76091862
-2.80726862
-2.85075808
-2.8909688
-2.92750955
-2.96000767
-2.98812437
-3.01155758
-3.03005004
-3.04339504
-3.05144048
-3.0540843
-3.05128956
-3.04306126
-3.02945304
-3.01057243
-2.98655653
-2.95758295
-2.92387199
-2.88565731
-2.84321976
-2.79684591
-2.74685264
-2.69355869
-2.63729644
-2.57838583
-2.51714611
-2.4538846
-2.38889337
-2.3224473
-2.25481033
-2.18623161
-2.11692953
-2.04711509
-1.97697449
-1.90665793
-1.83630538
-1.76603103
-1.69592142
-1.62605834
-1.55650473
-1.48731375
-1.41852236
-1.35016966
-1.28226542
-1.21482158
-1.14783239
-1.08128762
-1.01517749
-0.949492216
-0.884241343
-0.819424868
-0.755071402
-0.691202164
-0.627857924
-0.565088272
-0.502954006
-0.441530228
-0.380911827
-0.321207523
-0.262543678
-0.205062389
-0.148911476
-0.0942363739
-0.0411906242
0.0100841522
0.0594434738
0.106770992
0.151938915
0.194842815
0.235391617
0.273513317
0.309150219
0.342272758
0.372866154
0.400942564
0.426527977
0.449662209
0.470401764
0.488807917
0.50496316
0.518951654
0.530869246
0.540823698
0.548932552
0.555305004
0.560067177
0.56333971
0.565235376
0.565872431
0.565357685
0.56380415
0.56131196
0.557982922
0.553905964
0.549171925
0.543853283
0.538011312
0.531706333
0.524976015
0.517858982
0.51038301
0.502572894
0.494446874
0.486019373
0.477297664
0.46828258
0.458983183
0.44939518
0.439527512
0.429390788
0.418997526
0.40837276
0.397539973
0.386526704
0.375361443
0.36407733
0.35271126
0.341302872
0.329892874
0.318533897
0.307272077
0.296158075
0.285234869
0.274541318
0.264109552
0.253964484
0.244129121
0.234621167
0.225454152
0.216643035
0.208189428
0.200096071
0.1923545
0.184945464
0.177850485
0.171037316
0.164482474
0.158153296
0.152029991
0.146087766
0.140307546
0.134667754
0.129144669
0.123723745
0.118378401
0.113103151
0.1078794
0.102709055
0.097591877
0.0925366879
0.0875511169
0.082647562
0.0778303146
0.0731093884
0.0684976578
0.063996315
0.0596227646
0.0553851128
0.0513045788
0.0473878384
0.0436513424
0.0401058197
0.0367498398
0.0335860252
0.0306146145
0.0278315544
0.0252382755
0.0228357315
0.0206274986
0.0186100006
0.0167789459
0.0151281357
0.0136394501
0.012298584
0.0110912323
0.0100078583
0.00903654099
0.00817108154
0.00740814209
0.00673913956
0.00614929199
0.00562810898
0.00515937805
0.00472927094
0.00431585312
0.00392436981
0.00354671478
0.00318479538
0.00284194946
0.00251865387
0.00221061707
0.00191116333
0.00162029266
0.00133705139
0.00105381012
0.000780105591
0.000517845154
0.000283241272
6.86645508e-05
-0.000114440918
-0.000274658203
-0.000409126282
-0.0005235672
-0.000619888306
-0.0006980896
-0.000759124756
-0.00079536438
-0.000809669495
-0.000803947449
-0.000778198242
-0.000738143921
-0.000689506531
-0.000632286072
-0.00057220459
-0.000511169434
-0.000447273254
-0.000383377075
-0.000316143036
-0.000253200531
-0.000194549561
-0.000141143799
-8.67843628e-05
-4.19616699e-05
